-3.123296706975297,0.043757419632399916
-3.1040017042317505,0.05002127591861798
-3.0853221423436445,0.04796108284838272
-3.0663005484687673,0.04967856884427386
-3.046941582304297,0.05336428773718097
-3.027251081027511,0.05902142971501712
-3.007236110905369,0.06665319186379555
-2.9869050118641436,0.07690571725316665
-2.967196373010654,0.07604637676019874
-2.9471124718165913,0.0769941733348721
-2.9266591491835774,0.0803963847527634
-2.9058436981216977,0.08625735997286577
-2.884674926161728,0.09458145823476129
-2.8631632076008504,0.10944413145118134
-2.842268908349974,0.11066518615748676
-2.820966431938933,0.11065859677810545
-2.799263594748705,0.11349843647458056
-2.777170016742081,0.11918770024215776
-2.7546971914428053,0.12772938727931074
-2.7318585405771003,0.14738482039221285
-2.709617407094967,0.15151887757390792
-2.6869384582559013,0.15048655479138506
-2.6638326468757803,0.1525475060622932
-2.640313162745588,0.15770306677540752
-2.6163955001667554,0.16595457308827635
-2.5920975018467587,0.19014199865797973
-2.5683595434491693,0.19795085580653218
-2.544162211992096,0.19606775378418767
-2.519521184809219,0.1973318065380048
-2.4944548711840033,0.20174349138133807
-2.468984455255403,0.20930328572407017
-2.4431339028698082,0.23739777424192593
-2.417786552836452,0.24920586794301264
-2.3919733246211248,0.2466518280558014
-2.365716575972489,0.24712343715772314
-2.3390418807332995,0.25062237189480885
-2.3119780071949694,0.25715031015212364
-2.2845568442068696,0.28814837773148505
-2.2575628608887706,0.30429813909894526
-2.230120298264085,0.30161644656876346
-2.2022602005019465,0.30154536827802997
-2.1740171497716743,0.3040875292017688
-2.1454291226348317,0.30924555783540286
-2.116537278093137,0.3415340964569032
-2.08797969851317,0.3615009444443481
-2.0590233120588586,0.359029931955283
-2.0297092139937973,0.35863532594539954
-2.000081972833637,0.3603193863890898
-1.9701893062878366,0.36408437654162834
-1.9400816819516844,0.39612295923126506
-1.910202855614579,0.4190777465840297
-1.8800123784669887,0.41724525962467707
-1.8495611529279696,0.41681729868733475
-1.8189028920134322,0.41779526969392244
-1.7880935927650097,0.4201805804434114
-1.7571909480103254,0.45006546755267607
-1.7264042522770071,0.4745301788093695
-1.6954271901270037,0.4735278637960904
-1.6643178800445488,0.47314982256907745
-1.6331359578297782,0.47339652872541815
-1.601941900635655,0.4742684563413726
-1.5707963267948966,0.49976669276666824
-1.539650839437788,0.524558953422557
-1.5084568691319904,0.5250047280515813
-1.4772750337041793,0.5251043667230696
-1.44616580980324,0.5248576064465067
-1.4151888327368953,0.5242641839648869
-1.3844022205178674,0.5431510200639701
-1.353499118487153,0.566272745369292
-1.3226893636306756,0.5683149371379039
-1.292030651341425,0.569104268895224
-1.2615789811289477,0.5686402295792677
-1.2313880683365281,0.5669223078500518
-1.2015088175325501,0.5776776102845393
-1.1714013595220978,0.5970132809211992
-1.1415088586250066,0.6006576348742177
-1.1118817815609419,0.6023377324363515
-1.0825678452108676,0.6020530154938637
-1.0536116173213315,0.5998029257215586
-1.0250541924561987,0.6015814535593738
-0.9961623573196322,0.6149760211181985
-0.967574340073871,0.6198933312948149
-0.93933129965488,0.6223268288764335
-0.9114712125574342,0.6222754090186855
-0.8840286608841725,0.6197379662218332
-0.8570346887387116,0.6118350408618822
-0.8296135363392345,0.6182705359943703
-0.8025496736430537,0.6246603609957077
-0.775874989439623,0.6281242034865953
-0.7496182519620619,0.6286601028059464
-0.7238050349971915,0.6262660965405338
-0.698457696240731,0.6084960950537996
-0.6726071546755578,0.6065480884325328
-0.6471367496367685,0.6139692678789834
-0.6220704469224644,0.6183132466681549
-0.5974294306261243,0.6195777613265553
-0.5732321099889355,0.6177605461602481
-0.5494941623057822,0.590740611924477
-0.5251961743780847,0.5798747133281137
-0.5012785221341247,0.588064526311635
-0.4777590482455215,0.5931899288005562
-0.4546532469808598,0.5952495191938086
-0.4319743081014309,0.5942418950354403
-0.4097331843966485,0.55877441767558
-0.3868945431137979,0.5387906938852178
-0.3644217272630314,0.547328236821055
-0.34232815854538434,0.5529963730659306
-0.3206253304621195,0.5557956643943831
-0.2993228629562709,0.5557266724343151
-0.278428572391754,0.5130236013862186
-0.2569168624351199,0.4841784788026092
-0.23574809890493212,0.4925727221904619
-0.21493265608133563,0.498441923952847
-0.19447934148031365,0.5017880317684817
-0.17439544809935906,0.5026129913134892
-0.15468681682963537,0.4540860778028974
-0.1343557253826542,0.4170724329274331
-0.11434076266448238,0.424837122965573
-0.09465026859017012,0.4305488727010257
-0.07529130941724223,0.43420907411899595
-0.05626972231526773,0.43581911794653516
-0.03759016697536679,0.3830461658388617
-0.018295170862492834,0.33893746575298356
7.116509979278859E-4,0.34562348853104474
0.019423285779956365,0.35077045349048885
0.03783376290438444,0.3543788075907249
0.05593811841310281,0.35644899761810916
0.07373235419485413,0.300813436610446
0.09212573264637279,0.25110411605921307
0.11025840262644826,0.2565205694949778
0.1281242011813561,0.26089362595623666
0.145717826349536,0.2642221464015419
0.16303480998019143,0.2665049901309045
0.18007148657563243,0.2093044267270505
0.197684100080392,0.1554758887904378
0.21506213304979835,0.15951716057108417
0.23219995741727675,0.16299040914883697
0.2490926636138816,0.16589438601099202
0.26573604070942464,0.16822783898319435
0.2821265533364925,0.11063172084610329
0.2990647501967504,0.05420214355560701
0.3157927875545425,0.05697623191924446
0.3323053674982976,0.05959582353257668
0.348597797357921,0.06206054616916324
0.36466597594762074,0.06437002640587075
0.3805063771123649,0.007335219692832979
0.39686260354905123,-0.05030134266713772
0.4130312947440829,-0.04855506816258216
0.42900735154910685,-0.046614157029538965
0.4447861886551712,-0.04447813806269547
0.46036372582457,-0.04214653853449183
0.47573637680730757,-0.09775491705011982
0.491590938278294,-0.15537190477452287
0.5072788451588548,-0.15436968515512872
0.5227951134432868,-0.15288365966922926
0.5381351979411301,-0.15091319583241286
0.5532949875539691,-0.14845766005731614
0.5682707985334914,-0.20181705873660982
0.5836921207557955,-0.25832413338001897
0.5989660803691845,-0.25781034098935107
0.6140877571986505,-0.25657631048058893
0.6290526070713871,-0.25462202968404957
0.6438564603650619,-0.25194748642977627
0.6584955187821476,-0.3022472798522198
0.6735436600624761,-0.35660783831281206
0.6884622900931695,-0.35636630438579453
0.7032465206820323,-0.35521727404193776
0.7178917861609679,-0.353160731946984
0.7323938445783092,-0.3501966627663303
0.746748777327974,-0.3966084897456651
0.7614753450042799,-0.4478439194659686
0.7760889969721836,-0.44771263254831384
0.790584858955823,-0.44649944671762015
0.8049583328110285,-0.44420573877807235
0.8192050998553092,-0.44083288319871894
0.8333211228228229,-0.48239339263869574
0.8477711533357623,-0.529509076514628
0.8621237757393553,-0.5293710253239585
0.8763741201737095,-0.5279935103743952
0.8905175519803851,-0.5253796519446011
0.9045496767592208,-0.521532559848524
0.9184663442224806,-0.5572942209716976
0.9326793763068194,-0.599171170816311
0.9468095775241343,-0.5988483654707496
0.9608520785209168,-0.5971688774630476
0.9748022084531706,-0.5941368746861949
0.9886555014339937,-0.5897565079782848
1.0024077019393656,-0.6187883982849354
1.0164186605839003,-0.6541916172615891
1.0303605803834561,-0.653413406090414
1.0442285922967702,-0.6512139440656972
1.0580179924010051,-0.6475969106614116
1.0717242494516532,-0.6425659726614354
1.085343011553033,-0.663915420259588
1.0991830734313965,-0.6916815125164733
1.112967234482169,-0.6902050294190255
1.1266906281921931,-0.6872796995850947
1.140348522351928,-0.6829086068106489
1.1539363274935068,-0.6770948261462579
1.1674496045853613,-0.6899141250274176
1.1811469426874746,-0.708833216804137
1.1948009828751334,-0.7063065742959799
1.2084068649358115,-0.7024090867125579
1.2219598341501063,-0.6971429375172166
1.2354552504076015,-0.6905103055387068
1.2488885967203653,-0.6943988635178712
1.2624689165836247,-0.7035461515736422
1.2760181153618622,-0.6996274091128136
1.2895313440346616,-0.6945294620643855
1.3030038318032346,-0.6882536358336749
1.3164308957089006,-0.6808012538404313
1.3298079497865882,-0.6758781137970806
1.3432950591889445,-0.6749990167693318
1.3567628983946505,-0.6695153579716018
1.3702066352265287,-0.6631320149279424
1.383621489611492,-0.6558493886494202
1.3970027435449237,-0.6476678799088158
1.4103457507247732,-0.6347597642410057
1.4237620544965006,-0.624462099966404
1.4371707065667734,-0.6174470787161839
1.4505668977968738,-0.6098866529830717
1.46394584585909,-0.6017809002449135
1.4773028054032242,-0.5931298979648807
1.490633078025649,-0.5739418616202807
1.503999977132253,-0.5560451717603068
1.5173706996234668,-0.5479268321786644
1.530740466063502,-0.5395949961802077
1.5441044990662176,-0.5310496790395282
1.5574580335279924,-0.5222908960297595
1.5707963267948966,-0.4990946795518011
1.5841345830791806,-0.476141413049031
1.5974880804312592,-0.4675422196836334
1.6108520762366323,-0.45907310727863765
1.624221805431421,-0.450734066528739
1.6375924906693982,-0.44252508812952024
1.6509593525547162,-0.4181739650680312
1.6642898208563899,-0.39282357226896836
1.677646977058614,-0.3842398039127641
1.6910261225511296,-0.37615144542317636
1.704422511774079,-0.3685594825416341
1.7178313621877916,-0.36146490362647343
1.731247864440045,-0.33856317308191713
1.744590804196243,-0.31332357924188126
1.7579719903775115,-0.30523140274039845
1.7713867767529345,-0.297984552958542
1.7848304453903092,-0.2915864845798867
1.798298216289991,-0.28604067113850057
1.8117852573490176,-0.26652536982505876
1.8251623117350968,-0.243142028465628
1.8385893760307412,-0.2357281535470708
1.8520618642713234,-0.22946251446729482
1.8655750934984294,-0.22434913465695175
1.879124292913359,-0.22039205636619935
1.8927046134955996,-0.20514537950230732
1.9061379602738826,-0.1847981083010037
1.9196333770808613,-0.17822788593723293
1.9331863469291075,-0.17298575514490866
1.9467922297085254,-0.16907272094353365
1.9604462706998447,-0.16648978936691808
1.97414360969048,-0.15547132724585763
1.9876568874157086,-0.1385539754461806
2.0012446932777213,-0.13280240911547625
2.0149025882455147,-0.1284488809616393
2.028625982851597,-0.12549228507881702
2.0424101448866017,-0.12393151672727243
2.056250207837343,-0.11659556098372122
2.0698689707548357,-0.1030991841522709
2.0835752287125473,-0.0981440298697274
2.0973646298154263,-0.09456011279073898
2.1112326428193895,-0.0923473589234034
2.125174563801812,-0.09150569428114205
2.1391855237214226,-0.08714294689829871
2.1529377252446347,-0.0766143908339749
2.1667910193390285,-0.0722955473743923
2.1807411504812753,-0.06929523337542833
2.1947836527849436,-0.06761436452447389
2.208913855406277,-0.06725385735701288
2.223126888991768,-0.06521331920284588
2.237043557697918,-0.05718129111793828
2.251075683821145,-0.053367291243068535
2.265219117074463,-0.05077031337900392
2.279469463058218,-0.049390661482458395
2.2938220871142243,-0.049228639611373484
2.308272119382576,-0.04881614022927146
2.3223881438469225,-0.04292332002114237
2.3366349124964247,-0.039572835451973334
2.3510083880660386,-0.0372958222464195
2.3655042518738005,-0.03609182807909404
2.3801179057757844,-0.03596040087870192
2.394844475496073,-0.036660732772097526
2.4091994100325627,-0.03254661658009122
2.4237014703532758,-0.029578613305744985
2.4383467378529544,-0.027515880881696726
2.4531309705804514,-0.026357933643996165
2.4680496028678642,-0.026104286276033003
2.483097746522852,-0.027521066124528662
2.497736880497095,-0.024911926043953446
2.512540811243376,-0.02224982102129797
2.5275057404099766,-0.02030118559335235
2.5426274983123176,-0.019065842039648673
2.557901540707179,-0.018543612698739775
2.5733229473409067,-0.020364729377855443
2.588298545841586,-0.019052670834476322
2.6034581175281555,-0.016600388604489695
2.618797978806283,-0.014638039803745444
2.6343140187563736,-0.013165372311519504
2.6500016923921197,-0.01218213418004737
2.665856015937621,-0.01409886718643741
2.6812287076754995,-0.013952385821810702
2.696806286730361,-0.011603523961255066
2.7125851668242364,-0.009462459026440408
2.728561267686082,-0.007528577313201463
2.7447300039680917,-0.005801267531668403
2.761086276477428,-0.007393335376686537
2.776926634439839,-0.008309333216389036
2.7929947685060292,-0.005973573655009002
2.809287152547939,-0.003499877853024402
2.8257996854132275,-8.886507969923284E-4
2.8425276744719716,0.00185970411038996
2.8594658218596876,0.0011077753979833755
2.8758565697389797,-6.904921490948433E-4
2.8925001897764653,0.0016884303219109244
2.90939314646304,0.0046050702835371705
2.92653122868678,0.008056979802429512
2.9439095266552,0.012041725781520858
2.961522412034908,0.01279164952909819
2.9785590117751526,0.010376196383256955
2.99587591591845,0.012724316859766722
3.0134694590150604,0.016067513044602258
3.031335172977027,0.020402541499900655
3.0494677559212375,0.025726172868432783
3.067861044988637,0.02879647958624429
3.085655286385378,0.026236752783496384
3.1037596477212968,0.02839718401626347
3.1221701308819028,0.03203808734411748
3.140881771904584,0.03715848989082859
