-3.123737093307595,0.03795950662590629
-3.1049468371591074,0.041100283257696185
-3.085834573180435,0.04569145803452442
-3.0664062706336663,0.051730573905141256
-3.046669051334986,0.059215179364999024
-3.0266312271854168,0.06778676031686687
-3.0073742145152775,0.06645070226093713
-2.9877475929086543,0.06736325062912787
-2.9677561716604566,0.07016068646156273
-2.947406105941993,0.07483540010596348
-2.9267049608730726,0.08137982281716971
-2.9056617672426985,0.08978642648262847
-2.8842870670999217,0.10405865850966739
-2.863696648232465,0.1057186841382412
-2.8426969945196583,0.1055958213053713
-2.821294852276799,0.10768958852634095
-2.7994987023586213,0.11198864702328074
-2.777318836567737,0.11848173522202483
-2.75476742055293,0.12715766809614196
-2.7318585405771003,0.1476537735784157
-2.7097138072591855,0.15364917373073297
-2.6871235844436003,0.1523993810313492
-2.6640980365661453,0.15354194438211918
-2.6406495676881607,0.15706604129826415
-2.616792899409786,0.16296091447472674
-2.5925451260641093,0.1712158712962173
-2.5679257435629306,0.19772173655365058
-2.5440206227376665,0.20913305512710775
-2.519644452915618,0.20703468753449472
-2.494812981194993,0.20731960325847162
-2.469544790692867,0.2099793586552519
-2.4438613506085294,0.21500554992021842
-2.4177870285723526,0.2223898128532394
-2.3913490610124697,0.25411345049741796
-2.3655410082315846,0.2710910201225766
-2.339258370211191,0.26829223420800635
-2.312525216540673,0.2677024486214789
-2.2853690192812137,0.2693174023462047
-2.257820616869318,0.27313284531731424
-2.2299141201839046,0.27914453838669606
-2.20168675768438,0.3143762113137707
-2.1739693979916694,0.3369764746762835
-2.1458101619040195,0.3343170563854363
-2.1172440695315204,0.3334259542471199
-2.0883098090478507,0.3343032080426146
-2.0590495309371732,0.33694885755439385
-2.0295085670124555,0.3413629425661239
-1.9997350761996509,0.3777387114105608
-1.9703202802459572,0.40479237358384107
-1.9405447126424846,0.4027866975128158
-1.910455381286705,0.40191687878227955
-1.8801025550392787,0.4021849090747225
-1.849539322358614,0.4035927847318097
-1.818821076979884,0.4061425067680143
-1.7880049418262973,0.44052668054220223
-1.7573737684529172,0.4697697079330051
-1.7265125332524665,0.4688002623720927
-1.6954779742937396,0.46831046656353115
-1.6643287992283593,0.46830185002912966
-1.6331250364137637,0.46877594880079826
-1.6019273483479264,0.4697343054552213
-1.5707963267948966,0.4992623445051314
-1.5396653014511843,0.5280716578720025
-1.5084676095702394,0.5285870345286194
-1.4772638429383078,0.5288916756817899
-1.4461146640756009,0.5289849042941237
-1.4150801013614087,0.5288660404249326
-1.384218862468405,0.5285344012146503
-1.353587685485252,0.5501556233030098
-1.3227713052529269,0.5751276262669133
-1.292052815848285,0.577067794812401
-1.2614893415582045,0.5781389566902222
-1.2311362774272425,0.5783375983779095
-1.2010467131463023,0.5776601873865117
-1.1712709187120673,0.5761031721324437
-1.1418559030455724,0.58695863389957
-1.1120824885749732,0.6056532629724647
-1.0825416010209215,0.6095533864167662
-1.053281398906093,0.6119474799861894
-1.0243472136591467,0.6128283214573037
-0.995781195404537,0.6121886423534814
-0.9676220319854717,0.6100211275740274
-0.9399047432143806,0.6083554446750721
-0.9116773907630494,0.6179190797492059
-0.8837709045038097,0.6234615835744475
-0.8562225128324829,0.6270089375777077
-0.829066326564622,0.6285500113504074
-0.802333184074556,0.628073591538284
-0.7760505573633414,0.6255683810672911
-0.7502425159630249,0.610374656081079
-0.7238045591823851,0.6092991620133776
-0.6977302480618374,0.6165414120496289
-0.6720468189768463,0.6214396602674822
-0.6467786395074938,0.6239804000449194
-0.6219471788056664,0.6241500207896333
-0.5975710199443394,0.6219348069366801
-0.5736659099812229,0.5934684268533732
-0.5490465379505498,0.5804004669353721
-0.5247987750454843,0.5887563386594229
-0.500942117139483,0.5946727794951552
-0.47749365853020986,0.5981389734273351
-0.45446812078550086,0.5991440404042938
-0.43187790793763486,0.597677035863316
-0.40973318439664874,0.5571846168139838
-0.3868243139976908,0.5318169300295678
-0.3642729074334917,0.5406997080522548
-0.3420930509411884,0.547286630786713
-0.32029691014645884,0.5515737023237864
-0.29889477683149857,0.5535569174758237
-0.27789513183330267,0.5532322617497338
-0.2573047214520529,0.5027585280488419
-0.2359300297523403,0.4654533179424712
-0.21488684439275357,0.4740275362255116
-0.19418570740587848,0.4806458879468046
-0.17383564956639644,0.48531025899861235
-0.15384423598190328,0.4880225328494147
-0.1342176218135436,0.48878459054780093
-0.1149606163480246,0.4306325013144021
-0.09492279948102254,0.38280883174093616
-0.07518558727769066,0.39043408322246986
-0.055757291628850486,0.3965479896081919
-0.0366450343421321,0.4011560671826512
-0.017854784672658847,0.4042638054177082
6.085964088469336E-4,0.4058766671352464
0.018741306398831602,0.3424780768749316
0.03763375668710563,0.28615000448966255
0.05625743602569171,0.29230708856883686
0.0746054002320845,0.29743362139479995
0.09267165113136593,0.3015358560420194
0.11045110834272481,0.30461999509804677
0.12793957626275237,0.30669219117202695
0.14513370704315195,0.24028642713399817
0.16305399900792122,0.17788768495358767
0.1807362058684608,0.18238502330210019
0.19817420763818316,0.1863101669705507
0.21536264581104828,0.1896669268681186
0.23229690358916652,0.19245908013725127
0.24897308245813568,0.19469037052682703
0.26538797565111294,0.12721251700149144
0.2824869485392547,0.061193850418553464
0.29937645555349807,0.06414869487866404
0.31605086649327835,0.06692591719327091
0.3325051717306624,0.06952637043472824
0.3487349694314795,0.07195090222134606
0.36473644985650194,0.0742003547609081
0.3805063771123649,0.00724250731080036
0.39691277526773056,-0.06021887275336519
0.41313598324230244,-0.058493394866967224
0.4291706580902874,-0.05661484824791248
0.445011967838246,-0.054583959897922765
0.4606555842829212,-0.052401452222126235
0.4760976733736162,-0.050068043065328686
0.4913348834314166,-0.11509965186041937
0.5071576575681968,-0.18214040738846204
0.522821222705113,-0.18125912714210213
0.5383204020629364,-0.1799719744839008
0.5536504426419899,-0.17827990366314544
0.5688070123948317,-0.1761838659400771
0.583786195359652,-0.17368480959758456
0.598584484923906,-0.23552973184630516
0.6139150720797584,-0.30052259698774697
0.6291083464234054,-0.30015838525524696
0.6441592266812248,-0.2991829668268767
0.6590629842471576,-0.2975961599151834
0.6738152437656629,-0.2953977826606167
0.6884119819762801,-0.2925876531314935
0.7028495249293353,-0.34991895091076
0.7177655872961104,-0.4113157910598526
0.7325643965680507,-0.4111883498932993
0.7472409263959742,-0.4102873978128809
0.7617904437143518,-0.4086103320080346
0.7762085119753067,-0.40615453797738227
0.7904909928981974,-0.40291738946301753
0.8046340467998915,-0.4543298113513715
0.8192013093215076,-0.5106063077636912
0.8336698119428704,-0.5105358970965457
0.8480345616042287,-0.509546649154371
0.8622908077497106,-0.5076330266357612
0.8764340476165287,-0.504789447656262
0.8904600302632426,-0.5010102852987729
0.9043647593686822,-0.5449891786848252
0.9186394785373675,-0.5944935204265296
0.9328326160346986,-0.5942710162349095
0.9469392019291093,-0.593013492404127
0.9609544644078792,-0.5907133908219445
0.9748738366502815,-0.5873630796068973
0.988692962642353,-0.5829548522060821
1.0024077019393656,-0.617994823444866
1.0164384947321903,-0.6588832640346004
1.0304037992269708,-0.6581656279495404
1.0442986655839641,-0.6563486707512174
1.0581183024860517,-0.6534251886395872
1.0718580852176256,-0.6493879147352654
1.0855135628727655,-0.6442295183875781
1.099080464679274,-0.6688711203762673
1.112909878967794,-0.6992820393600357
1.1266890200747424,-0.6976645065880898
1.140412959667858,-0.694942374142876
1.1540768919396047,-0.6911109518000857
1.1676761425822078,-0.6861655227443184
1.1812061770687183,-0.6801013433803671
1.1946626082118763,-0.6931168645612577
1.2083284379477828,-0.71133157203924
1.2219585165070026,-0.7083520593387418
1.2355479413148143,-0.7043773039730059
1.2490918990160362,-0.6994030377698431
1.2625856750865054,-0.6934249681162921
1.276024662919196,-0.6864387777834283
1.2894043723457418,-0.6873979213458861
1.3029407578950698,-0.6923734560313923
1.316455388371815,-0.6876143765688935
1.3299433930880524,-0.6820770122285476
1.3433999592523824,-0.6757598919864596
1.3568203419935525,-0.6686615411092528
1.3701998740212833,-0.6607804811423668
1.3835339748772635,-0.6503208351194564
1.3969723390364788,-0.6423388743165734
1.4104025715017627,-0.6356842896739138
1.423819840937713,-0.628563654183267
1.4372193439867107,-0.6209779329432017
1.4505963155043153,-0.6129280883894217
1.4639460385900327,-0.6044150803039435
1.477263854361434,-0.5847111784773793
1.4906337418014854,-0.5661141098650451
1.5040088913074143,-0.5580762486345807
1.5173845193883542,-0.5498704181410603
1.530755841526642,-0.5414981111849142
1.5441180824391778,-0.5329608029294496
1.5574664862893266,-0.5242599511605573
1.5707963267948966,-0.49870150815595465
1.584126168920645,-0.47328791144258353
1.597474574397763,-0.4646643000697766
1.6108368169423377,-0.4561343604917689
1.6242081407159956,-0.4476972771280067
1.6375837704338863,-0.43935224383865396
1.6509589215765903,-0.43109846378838484
1.6643288106514855,-0.40372615624286423
1.677646731663212,-0.3758771087528959
1.6909965606448858,-0.3675667361649129
1.7043736386040982,-0.3595827029722115
1.717773248528295,-0.3519217117680689
1.7311906251592808,-0.34458050942029544
1.7446209650243831,-0.3375558863306249
1.7580594366722586,-0.3122163300625177
1.771393508763331,-0.2855625686966438
1.78477301189673,-0.2781002614829436
1.7981933656445128,-0.27119822136256605
1.8116499027473585,-0.26485362600776
1.8251378783654575,-0.2590636720155142
1.8386524797392285,-0.25382557474919737
1.8521888362128276,-0.23313878354469747
1.8655685459968303,-0.20970897006859462
1.8790075342696313,-0.2031034361714807
1.8925013108634325,-0.1973259132711941
1.9060452691715974,-0.19237792113284086
1.919634694670171,-0.1882609832430539
1.9332647740039928,-0.18497662682139487
1.9469306045981738,-0.1700757585008196
1.9603870362883586,-0.15076841898408483
1.9739170714078378,-0.14492079115335205
1.9875163227699952,-0.1400889725949026
2.00118025584834,-0.13627974506187274
2.0149041963353618,-0.13349995081056096
2.028683338423592,-0.13175649327665648
2.0425127537806316,-0.12219932638128422
2.05607965634237,-0.10720182340499924
2.069735134843028,-0.10212892295051626
2.083474918511133,-0.09813073685556345
2.0972945564412906,-0.09521445184875287
2.11118942391821,-0.09338731887973327
2.1251547296248745,-0.09265665383815083
2.1391855237214226,-0.08731343291289942
2.15290026400613,-0.07613621421453592
2.1667193910817235,-0.07172084064457875
2.1806387645042817,-0.06835507638489066
2.194654028260431,-0.06604311318892764
2.208760615529806,-0.06478916516032669
2.2229537544998097,-0.06459746890206725
2.237228475238755,-0.06230130624507439
2.2511332055965907,-0.05438138057519773
2.265159189598441,-0.05057185458225104
2.279302430924022,-0.047703045153933574
2.293558678632537,-0.04577624897847539
2.3079234299615856,-0.04479276512835059
2.322391934355417,-0.044753895065759566
2.3369591987541227,-0.04447687888272972
2.35110225421347,-0.03920054454956096
2.3653847368052414,-0.03592040566205962
2.3798028068472568,-0.0334519187652183
2.394352326059552,-0.03179460454712595
2.4090288578946324,-0.030947984073200607
2.423827669287046,-0.030911578785817382
2.438743733887365,-0.03203425645374981
2.453181309766268,-0.028822186523716105
2.4677780817666752,-0.02591266199599024
2.482530375917437,-0.023654166681991006
2.4974341689331756,-0.022045839962915394
2.5124850854299345,-0.02108682273620226
2.5276783967697014,-0.02077625741219529
2.5430090216433556,-0.02271556107422017
2.557807199373188,-0.021323895089780533
2.57278626764577,-0.01876657104617724
2.587942719926363,-0.016645422613672606
2.6032726403436453,-0.014960010888777624
2.618771696953608,-0.013709897556670734
2.6344351368731296,-0.012894644890210595
2.650257783452743,-0.015201742599019217
2.6654949917533415,-0.015362782350340708
2.680937079037253,-0.013003781416510419
2.69658069362668,-0.01081252282781872
2.7124220014722735,-0.008788862928713115
2.728456674372358,-0.006932658227630884
2.7446798803553176,-0.005243765396765281
2.761086276477428,-0.0073835769340367
2.7768562056111197,-0.008909030884164197
2.792857687973303,-0.006611139598429528
2.809087487669574,-0.004151577076782386
2.8255417949593826,-0.0015304814993182332
2.84221620800694,0.0012520091112923062
2.8591057171823895,0.004195756889579299
2.87620469228293,0.0029649175016112266
2.892619712811503,3.0876419331894375E-4
2.909296023371203,0.0025502085321855803
2.9262304171295765,0.005353605493708911
2.943418995484352,0.00871901668783011
2.960857141526392,0.01264650373349694
2.978539496614058,0.017136128258665013
2.996459940600027,0.017865234029413257
3.013654041513461,0.01463089925756076
3.0311424784966015,0.016724150148957968
3.0489219037175883,0.019822776711264648
3.0669881215955184,0.02392728716534033
3.0853360517784885,0.029038190074645823
3.1039596961271814,0.03515599434553086
3.1228521105016216,0.039160106528848534
3.140984826529853,0.03627159075280072
