-3.1167368237550646,-0.002417853665073213
-3.0918035524625123,6.295774215400651E-4
-3.0668235842822873,0.0040000836584251735
-3.0418280115866976,0.007695416511449494
-3.0168480434064726,0.011717340129540545
-2.9919147721139203,0.01606763145969809
-2.9670589422791918,0.01623986867581681
-2.9422032564732348,0.012774604642008074
-2.9172701305634114,0.014818107973404476
-2.8922903085850638,0.01786000633223516
-2.8672948823655373,0.021898145284787215
-2.8423150603871896,0.026930376591620418
-2.8173819344773663,0.032954558185321725
-2.7925262486714093,0.037346897109247115
-2.7676705405499606,0.034525642099532024
-2.7427373921148677,0.03587831020784488
-2.717757547484333,0.03877065247256874
-2.6927620985701393,0.04319021279750755
-2.6677822539396048,0.04912466908629332
-2.642849105504512,0.05656183144529438
-2.617993397383063,0.06684236742270618
-2.593137687944785,0.06688329604720886
-2.5682045381804834,0.06753581465543965
-2.5432246922132515,0.07013816652537921
-2.5182292419598533,0.07467600997133365
-2.4932493959926214,0.08113514361423246
-2.46831624622832,0.08950150467001541
-2.443460536790042,0.10741049915899237
-2.4186048270466167,0.11285546370312247
-2.3936716769743,0.1128192625949915
-2.368691830697317,0.11495965379605308
-2.3436963801335864,0.11928510708963469
-2.3187165338566036,0.12580413626081258
-2.2937833837842865,0.13452529938252722
-2.268927674040861,0.1611943797524361
-2.244071964602624,0.17435207586957976
-2.2191388148383635,0.17394961207706758
-2.194158968871173,0.17572905138470218
-2.169163518617816,0.1796952907641407
-2.1441836726506254,0.18585324185208907
-2.119250522886365,0.19420783100523797
-2.0943948134481274,0.22905109099151436
-2.0695391053267707,0.2517426019993882
-2.0446059568917705,0.25195191048439824
-2.0196261122613293,0.25396476077997904
-1.9946306633472288,0.25777980692413743
-1.9696508187167878,0.26339570429384646
-1.9447176702817877,0.27081110960338367
-1.9198619621604307,0.31130752035734766
-1.8950062572755566,0.3431108896567401
-1.8700731121074636,0.34479239192208594
-1.845093270762337,0.3476311543404387
-1.8200978251397124,0.35162348045420255
-1.7951179837945859,0.3567656895317375
-1.770184838626493,0.3630541164838179
-1.7453291337416188,0.40460045448460324
-1.7204734318955481,0.44184948532879575
-1.695540289794825,0.44532768855182014
-1.6705604515343513,0.4491485734964946
-1.645565009002164,0.4533103197871042
-1.6205851707416903,0.4578111199186153
-1.5956520286409674,0.462649179143126
-1.5707963267948966,0.498064923875741
-1.545940496960168,0.5337335376605793
-1.5210072256676155,0.5387593131604215
-1.4960272574873907,0.5433865647247756
-1.4710316847918008,0.5476173834522237
-1.446051716611576,0.5514538458372598
-1.4211184453190235,0.5548980138975623
-1.396262615484295,0.5768497952869387
-1.3714069296783382,0.6031726220160907
-1.346473803768515,0.6094608773245447
-1.321493981790167,0.6146180102862326
-1.296498555570641,0.6186495734067899
-1.2715187335922928,0.6215610829093595
-1.2465856076824697,0.6233580190304646
-1.221729921876513,0.6254192360560391
-1.196874213755064,0.6357890726382815
-1.171941065319971,0.6431056892540448
-1.1469612206894366,0.648747669896804
-1.1219657717752427,0.6527201675880762
-1.0969859271447082,0.6550283142292279
-1.0720527787096152,0.655677220709568
-1.0471970705881664,0.6352422807231073
-1.0223413611498884,0.6256270733325161
-0.997408211385587,0.6334881405573828
-0.9724283654183551,0.6393958827485501
-0.9474329151649568,0.6433503965411568
-0.9224530691977249,0.6453517785639676
-0.8975199194334234,0.645400125439374
-0.8726642099951454,0.603133086019797
-0.8478085002517202,0.5732121019507027
-0.8228753501794033,0.581615744435038
-0.7978955039024201,0.5879658092123687
-0.7729000533386898,0.5922463769264819
-0.7479202070617068,0.5944413632521923
-0.7229870569893898,0.5945345167528696
-0.6981313472459646,0.5333562460359742
-0.6732756378077271,0.48442300439917935
-0.648342488043467,0.4927741988842855
-0.6233626420762763,0.49922848326208646
-0.5983671918229193,0.5037571126938494
-0.5733873458557287,0.5063307586122138
-0.5484541960914684,0.5069194938281785
-0.5235984866532309,0.43133118239046553
-0.49874277853187415,0.36617163897074567
-0.4738096300968738,0.37368077875919464
-0.4488297854664328,0.37967760153859403
-0.4238343365523322,0.38414236409873737
-0.39885449192189126,0.387054978065445
-0.37392134348689093,0.3883950023244684
-0.3490656353655341,0.30356743093782135
-0.32420993048065994,0.22605400620329033
-0.2992767853125671,0.23210163897706
-0.27429694396744053,0.2371318350127581
-0.24930149834481574,0.24114028011723126
-0.22432165699968926,0.24412263567175255
-0.19938851183159637,0.2460745384589149
-0.1745328069467222,0.1566159377232918
-0.14967710510065152,0.07105627773089888
-0.12474396299992854,0.07550286819810177
-0.09976412473945469,0.07958086414567894
-0.07476868220726754,0.08329108094711801
-0.04978884394679368,0.08663433157274555
-0.024855701846070728,0.08961142659857382
0,9.734402315268731E-6
0.024855829834728626,-0.08957481772221342
0.04978910112728106,-0.08659038036370004
0.07476906930750596,-0.08325117638731439
0.09976464200309572,-0.0795579865476899
0.12474461018332063,-0.07551158931013936
0.14967788147587305,-0.07111276085903948
0.1745337113106017,-0.1567398084016536
0.1993893971165585,-0.24611144513567754
0.2243225230263816,-0.24410034404573044
0.24930234500472967,-0.24108634786165642
0.27429777122425575,-0.2370717589487417
0.29927759320260383,-0.23205887263021613
0.32421071911242694,-0.22604997721415715
0.34906640491838375,-0.3036134160692986
0.37392211303983247,-0.38839022363879894
0.39885526147492556,-0.38704818576945227
0.42383510610545994,-0.3841569129720205
0.4488305550196539,-0.3797199429044144
0.4738103996501883,-0.37374080246180885
0.49874354808528143,-0.3662230078175415
0.5235992562067302,-0.43133139828134986
0.5484549656450083,-0.5068955887391424
0.5733881154093097,-0.5063147673500841
0.5983679613765415,-0.5037534473204727
0.6233634116299399,-0.4992148012482506
0.6483432575971718,-0.4927019949586507
0.6732764073614732,-0.4842181875222603
0.6981321167997513,-0.5328855266563941
0.7229878265431764,-0.5943726910906078
0.7479209766154933,-0.5945239262739538
0.7729008228924764,-0.592455357439529
0.7978962734562068,-0.5881641094804736
0.8228761197331899,-0.5816473023226363
0.8478092698055067,-0.5729020509138435
0.872664979548932,-0.6022157354678955
0.8975206889871694,-0.6451254896445134
0.9224538387514297,-0.6455596782298364
0.9474336847186203,-0.6437983588569494
0.9724291349719774,-0.6398312551688625
0.9974089809391679,-0.6336480265752903
1.0223421307034282,-0.625238267749996
1.0471978401416657,-0.6338582045638673
1.0720535482630225,-0.6548544614119163
1.0969866966980228,-0.6547521217409848
1.1219665413284639,-0.652809973616057
1.1469619902425643,-0.6490200630750859
1.1719418348730053,-0.6433743902405096
1.1968749833080057,-0.6358649089874543
1.2217306914293624,-0.624927511117441
1.2465863963142367,-0.6229973382823921
1.2715195414823295,-0.6214355279027093
1.296499382827456,-0.6186860487632337
1.321494828450081,-0.6147488851401427
1.3464746697952075,-0.6096240213093357
1.3714078149633002,-0.6033114415464348
1.3962635198481743,-0.57672846586715
1.4211192216942452,-0.5547901600679076
1.446052363794968,-0.5514635124930386
1.4710322020554418,-0.5476693862168163
1.496027644587629,-0.5434112734395508
1.5210074828481028,-0.5386926316642976
1.545940624948826,-0.5335168841267146
1.5707963267948966,-0.49755314000084505
1.5956521566296253,-0.4625083217310158
1.6205854279221776,-0.4579885217954287
1.6455653961024026,-0.4536580560827902
1.6705609687979923,-0.44951553444326126
1.6955409369782173,-0.4455595803029842
1.7204742082707696,-0.44178883049876033
1.7453300381054984,-0.40405328596869144
1.7701857239114551,-0.362897574133741
1.7951188498212782,-0.35690825212739913
1.8200986717996264,-0.35192758641607613
1.8450940980191524,-0.34794660040861974
1.8700739199975005,-0.3449564237157057
1.8950070459073236,-0.3429482905838784
1.9198627317132804,-0.31066620936930844
1.944718439834729,-0.270628412920253
1.9696515882698222,-0.26348989712728077
1.9946314329003565,-0.25799437150517684
2.0196268818145504,-0.2541329392586769
2.044606726445085,-0.25189676771166836
2.069539874880178,-0.2512770877305963
2.094395583001627,-0.22804774012175338
2.119251292439905,-0.1939325767209134
2.1441844422042062,-0.18600235226081355
2.169164288171438,-0.18003554445439512
2.1941597384248364,-0.17602809526084856
2.2191395843920683,-0.17397595781468617
2.24407273415637,-0.17387509638729612
2.268928443594648,-0.16004825741984546
2.293784153338073,-0.13402032312144052
2.31871730341039,-0.12570994594615317
2.343697149687373,-0.11944295475157084
2.3686926002511033,-0.1152184079030201
2.3936724465280865,-0.11303536434430461
2.4186055966004036,-0.11289288359726152
2.4434613063438286,-0.10715169426312227
2.468317015782066,-0.089384304425735
2.493250165546326,-0.08111923499255512
2.5182300115135168,-0.07472173113431188
2.543225461766874,-0.07019537867645616
2.5682053077340643,-0.06754377263028669
2.5931384574983247,-0.06677051722238211
2.6179941669365623,-0.06655283986482596
2.642849875057919,-0.05641663869403338
2.6677830234929196,-0.049072730087054414
2.6927628681233604,-0.043202694796576596
2.717758317037461,-0.03881455746938666
2.742738161667902,-0.03591640111281576
2.7676713101029025,-0.03451636762625159
2.792527018224259,-0.037254762297545735
2.8173827231091333,-0.0329212353001998
2.8423158682772263,-0.02692784622089102
2.867295709622353,-0.021914253951947932
2.8922911552449775,-0.017888091905368275
2.917270996590104,-0.0148570729935698
2.942204141758197,-0.012828990667068036
2.967059846643071,-0.016326982462681307
2.9919155484891418,-0.016080551740872598
3.016848690589865,-0.011676968058234493
3.0418285288503384,-0.007633407638377939
3.066823971382526,-0.003951797870918313
3.0918038096429994,-6.340799278089218E-4
3.1167369517437225,0.0023177911132452656
3.141592653589793,-1.2105117697525872E-4
