-3.109113196426231,-0.004182381844439157
-3.076424145034517,-3.031508498968546E-4
-3.0435938553850788,0.004088582816372714
-3.0106924880996035,0.008993928483880247
-2.977791120814128,0.014413998686023569
-2.9449608311646895,0.020349909171662454
-2.912271779772976,0.026802778916743698
-2.8797923226094135,0.028625105353026068
-2.8473130372063005,0.02419730976626965
-2.814624160943897,0.026329167521902553
-2.7817940487102635,0.02987717223821234
-2.7488928599962383,0.034846467101900425
-2.715991671282213,0.04124222023533936
-2.683161559048579,0.04906962484787592
-2.650472682786176,0.05833389938823732
-2.617993397383063,0.07152969213289448
-2.585514067170174,0.07358409346116443
-2.552825145219112,0.0748567091914712
-2.5199949867003095,0.07784339006507568
-2.4870937513996254,0.08255061487590985
-2.4541925160989417,0.08898489511034076
-2.421362357580139,0.0971527751536416
-2.388673435629077,0.10706083249802915
-2.356194105416188,0.1365807680975233
-2.3237147752031544,0.15451487419488288
-2.2910258532519445,0.15602213032172582
-2.258195694732992,0.1589727056693805
-2.225294459432158,0.16337170322718708
-2.1923932241313233,0.1692242500689945
-2.159563065612371,0.17653549749541783
-2.126874143661161,0.18531062117710412
-2.0943948134481274,0.2328167249090048
-2.06191549296369,0.2712168839256759
-2.0292265809318892,0.27345127037964456
-1.9963964324618537,0.27678111705596936
-1.9634952072753924,0.28120575367699685
-1.9305939820889308,0.2867245105117915
-1.8977638336188956,0.29333671837557795
-1.865074921587095,0.3010417086291846
-1.8325956011026572,0.3610380002001411
-1.800116273047427,0.4161469612724121
-1.7674273532963436,0.4205677498531203
-1.7345971970062422,0.4254933274625086
-1.7016959639487768,0.43091756931415715
-1.6687947308913114,0.4368344493081546
-1.6359645746012101,0.4432380380514472
-1.6032756548501266,0.4501225009256509
-1.5707963267948966,0.503892361749381
-1.5383168696313343,0.5560824566247357
-1.5056278182396206,0.5617164176457993
-1.4727975285901822,0.5672062315058194
-1.4398961613047068,0.572553592377996
-1.4069947940192313,0.5777601679901277
-1.374164504369793,0.5828276001386107
-1.3414754529780792,0.5877575051904932
-1.308995995814517,0.6093184115167386
-1.276516710411404,0.6344942683765461
-1.2438278341490008,0.6419253188623077
-1.210997721915367,0.6483845366046386
-1.1780965332013418,0.6538779087049319
-1.1451953444873164,0.6584113731862824
-1.1123652322536828,0.6619908194953457
-1.0796763559912794,0.6646220889980533
-1.0471970705881664,0.6373351377892009
-1.0147177403752774,0.6192437231662187
-0.9820288184242155,0.628401332266067
-0.949198659905413,0.6358316894565758
-0.9162974246047288,0.6415343566375348
-0.883396189304045,0.6455088955605629
-0.8505660307852424,0.6477548678290429
-0.8178771088341804,0.6482718348980604
-0.7853977786212915,0.5715661282479185
-0.7529184484082577,0.5078543453724852
-0.720229526457048,0.5179973777341901
-0.6873993679380958,0.5264898725418438
-0.6544981326372612,0.5333195869345726
-0.6215968973364268,0.5384741566695054
-0.5887667388174744,0.5419410946137329
-0.5560778168662647,0.5437077892137255
-0.5235984866532309,0.43163356700804434
-0.49111916616879303,0.3297244904264187
-0.45843025413699257,0.3386493052881626
-0.42560010566695716,0.3462692808139084
-0.3926988804804957,0.35257350175661883
-0.3597976552940343,0.35755093078447975
-0.32696750682399894,0.3611904067692481
-0.2942785947921984,0.36348064304572136
-0.26179927430776045,0.23139242674737323
-0.2293199462525304,0.10553640386436511
-0.19663102650144687,0.1121137759323842
-0.16380087021134562,0.11810430125889888
-0.13089963715388023,0.1235055234122966
-0.09799840409641485,0.12831497223225308
-0.06516824780631358,0.1325301637336884
-0.032479328055230065,0.13614860000991497
0,-1.9087541538509445E-5
0.03247945716356234,-0.1361004528680909
0.06516850855527596,-0.13241737978215118
0.09799879820471442,-0.12815428346436278
0.13090016549018982,-0.12330870863884685
0.16380153277566523,-0.11787818615235462
0.1966318224251037,-0.11186023287608353
0.22932087381681732,-0.10525235160665929
0.26180033098037964,-0.23099765356467936
0.29427961638349265,-0.363171992495595
0.32696849264589595,-0.361010533922912
0.3597986048795296,-0.35745517941260163
0.39269979359355495,-0.3525021946404285
0.42560098230758026,-0.34614783193095283
0.45843109454121395,-0.33838833019781006
0.49111997080361725,-0.3292199148836683
0.5235992562067302,-0.4306699944112801
0.5560785864196192,-0.5432777205906478
0.588767508370681,-0.5420351795824114
0.6215976668894837,-0.5389744937897459
0.6544989021901678,-0.5340965884761552
0.6874001374908516,-0.5274023882774208
0.7202302960096542,-0.5188928172021343
0.7529192179607161,-0.5085687986322287
0.7853985481736052,-0.5718990738803141
0.817877878386639,-0.6481955754641946
0.8505668003378486,-0.6473810529563012
0.8833969588568009,-0.6449299896470612
0.9162981941576354,-0.6408490142764653
0.9491994294584699,-0.6351447198335294
0.9820295879774222,-0.6278236637969891
1.014718509928632,-0.6188923683740558
1.0471978401416657,-0.6372690724898546
1.0796771606261035,-0.6650044272036773
1.112366072657904,-0.6627086675889458
1.1451962211279394,-0.659298760767256
1.178097446314401,-0.6547798897583568
1.2109986715008623,-0.6491572054831845
1.2438288199708978,-0.642435827011967
1.2765177320026981,-0.6346208418100299
1.3089970524871362,-0.6088164930881519
1.3414763805423662,-0.5875724260930297
1.3741653002934497,-0.5829830965960344
1.406995456583551,-0.5781468733071037
1.4398966896410164,-0.5730629341962278
1.4727979226984818,-0.5677304535800903
1.505628078988583,-0.56214860210175
1.5383169987396665,-0.5563165467101867
1.5707963267948966,-0.5038780778522647
1.603275783958459,-0.45063936819086026
1.6359648353501726,-0.44401305607737707
1.6687951249996111,-0.4376446311856132
1.7016964922850863,-0.4315349598398526
1.7345978595705618,-0.42568491224907
1.7674281492200004,-0.42009536252872964
1.8001172006117139,-0.41476718872273105
1.8325966577752764,-0.35873721793405133
1.8650759431783892,-0.3005917107413742
1.8977648194407926,-0.2940805992599562
1.9305949316744262,-0.2882421033876813
1.9634961203884516,-0.2830785082181493
1.996397309102477,-0.2785921092076345
2.0292274213361106,-0.27478521223389457
2.061916297598514,-0.271660133655382
2.094395583001627,-0.23189517267640447
2.126874913214516,-0.1844026010025255
2.159563835165578,-0.1757898190084522
2.19239399368438,-0.168726446760021
2.2252952289850643,-0.16320616655245465
2.2581964642857484,-0.15922269498153835
2.2910266228045506,-0.15676978271115027
2.3237155447556126,-0.1558412142426814
2.356194874968502,-0.13837048938695942
2.3886742051815357,-0.1084016872743045
2.421363127132745,-0.09824962864901643
2.4541932856516975,-0.08984037985464667
2.487094520952532,-0.08316046589510104
2.5199957562533664,-0.07819655033119358
2.5528259147723187,-0.07493543350432019
2.5855148367235286,-0.07336405078738976
2.6179941669365623,-0.07100766030133243
2.6504734874210003,-0.05831796289883569
2.683162399452801,-0.04941676120966758
2.715992547922836,-0.041841179109572094
2.7488937731092973,-0.03559015217629541
2.781794998295759,-0.030662617126866753
2.814625146765794,-0.02705751181607393
2.8473140587975947,-0.024773775234942313
2.8797933792820327,-0.028968074767857243
2.9122727073372627,-0.027041663040434642
2.9449616270883463,-0.02053012844096116
2.9777917833784477,-0.014592429653414066
3.010693016435913,-0.009229801636682695
3.0435942494933785,-0.004443482895893356
3.0764244057834795,-2.3471549514733885E-4
3.109113325534563,0.0033952549296858503
3.141592653589793,-5.525185731412377E-4
