-3.1349370851376923,-0.007020104462590083
-3.128280926943099,-0.006211087325774893
-3.121624768748506,-0.00546231008781937
-3.114969200296405,-0.005541740005198097
-3.1083136529792346,-0.005459446277533038
-3.10165751592519,-0.004627316492739773
-3.095001378871146,-0.0038133172635625876
-3.0883458315539754,-0.0038167258181482713
-3.081690235066507,-0.003786883429531031
-3.075034048829093,-0.002930306237186043
-3.0683778625916784,-0.0020462658621081303
-3.0617222661042103,-0.0019620252620233167
-3.0550665981274703,-0.001980841922136181
-3.0484103403817775,-0.0010977882834396257
-3.0417540826360847,-1.4012664916137306E-4
-3.0350984146593443,4.098390092067625E-5
-3.028442687660048,-2.3210156238648826E-5
-3.021786370876107,8.878614307071975E-4
-3.0151300540921655,0.0019230266847443962
-3.0084743270928693,0.002212080925433981
-3.00181857499746,0.0021009232454463015
-2.995162233110734,0.003039327924652998
-2.988505891224008,0.004157057135211395
-2.981850139128599,0.004570409980524486
-2.9751944039219986,0.00441478297643997
-2.968538078928572,0.005380076324764263
-2.9618817539351445,0.0065825401165142215
-2.9552260187285446,0.007131436378622133
-2.9485703370268506,0.006934638876108529
-2.941914065552555,0.007925356323883193
-2.93525779407826,0.00921280462552647
-2.928602112376566,0.009906429568175772
-2.9219465020216613,0.009676404493507908
-2.9152903019131235,0.010694417505421081
-2.908634101804586,0.012069891313728535
-2.901978491449681,0.012920832627842153
-2.8953229381720833,0.01265602367755899
-2.8886667951560274,0.013696872705563657
-2.8820106521399715,0.015161389851357825
-2.8753550988623737,0.01618520672011666
-2.868699543056702,0.015887340194628622
-2.8620433975118993,0.016947296387140907
-2.855387251967097,0.018500731823864337
-2.848731696161425,0.01971072906625921
-2.8420760855477987,0.01938739533071102
-2.8354198851804706,0.020463897041178992
-2.8287636848131426,0.022103360618705305
-2.822108074199516,0.023507016271601015
-2.815452458915136,0.023163014203648382
-2.808796253875813,0.024254308868022413
-2.8021400488364896,0.025982193316356275
-2.79548443355211,0.02759744600702451
-2.7888288086190123,0.027231304064993328
-2.782172593928406,0.028329826606582745
-2.7755163792378004,0.030143875939138354
-2.768860754304703,0.03198604676964764
-2.762205127318484,0.031597175893508536
-2.7555489105742104,0.03269614783353016
-2.748892693829937,0.03459565825761865
-2.7422370668437184,0.03668258890630095
-2.735581447852815,0.03628017329014668
-2.728925239105983,0.037373262967403446
-2.7222690303591506,0.03934882650614242
-2.7156134113682473,0.04168100398733863
-2.7089577994941347,0.04127453651558052
-2.702301597865985,0.04235901782730381
-2.6956453962378357,0.04440858554057479
-2.6889897843637227,0.046997929583213444
-2.6823341719004223,0.04659464923635807
-2.675677969682928,0.047663389499454666
-2.669021767465434,0.049778726520791614
-2.662366155002134,0.05262917705198965
-2.6557105399297187,0.05224153202195507
-2.6490543351024165,0.05329076646014462
-2.6423981302751147,0.05546524426706191
-2.6357425152026996,0.058580738342428725
-2.6290868895802544,0.05821627972998823
-2.6224306742001176,0.059243211675472
-2.6157744588199807,0.0614771872270862
-2.609118833197536,0.06487506716269598
-2.60246320487308,0.06453045478953154
-2.5958069867902145,0.06552026412174157
-2.5891507687073485,0.06780133730985373
-2.5824951403828926,0.07148469595092306
-2.575839520259276,0.071179478877739
-2.569183310379429,0.07213122501088474
-2.5625271004995818,0.07445106482075303
-2.555871480375965,0.07841720687596102
-2.5492158690294175,0.07816307111269649
-2.5425596679289733,0.07907241574005355
-2.5359034668285294,0.08142361114757801
-2.529247855481982,0.0856744547695274
-2.5225922429127,0.08548277647977012
-2.515936040589197,0.08634669111648985
-2.509279838265694,0.08872409011947277
-2.502624225696412,0.09326414661405491
-2.495968612168938,0.09313854392013121
-2.489312408886988,0.09394706930116184
-2.482656205605037,0.09633887521110175
-2.476000592077563,0.10116524626327603
-2.469344967427407,0.10112377810710556
-2.4626887530198176,0.10187737582236168
-2.4560325386122286,0.10427724648131145
-2.4493769139620727,0.10938692048939044
-2.4427212845800232,0.10944103280211055
-2.436065065439282,0.11013610202171263
-2.429408846298541,0.11253561390143062
-2.422753216916491,0.11792457310101578
-2.416097594486264,0.1180864650630534
-2.409441382299194,0.11872080331023133
-2.4027851701121232,0.12111260532998086
-2.396129547681896,0.12677659762410187
-2.389473935796624,0.12705429571250787
-2.382817734157312,0.12762212639267026
-2.376161532518,0.12999482731471315
-2.369505920632728,0.13592366121952745
-2.362850307901791,0.13633323603610123
-2.3561941054165896,0.13683975649084026
-2.349537902931388,0.1391944205480917
-2.342882290200451,0.14539100124658955
-2.3362266783149965,0.145933661879032
-2.3295704766755025,0.1463712621770891
-2.322914275036008,0.14869739542671817
-2.316258663150554,0.1551528070858538
-2.3096030407200026,0.15584846582343995
-2.3029468285326082,0.15621875615522152
-2.296290616345214,0.15850416395693157
-2.289634993914663,0.1651953845181374
-2.2829793645325744,0.16605250675010866
-2.2763231453917943,0.16635573447820634
-2.269666926251014,0.16859551633944456
-2.2630112968689255,0.17551434637797603
-2.2563556722190565,0.1765607408326777
-2.249699457811755,0.17681267947326595
-2.2430432434044527,0.1790125132502552
-2.2363876187545837,0.18615553620507247
-2.2297320052273757,0.18736358813676313
-2.2230758019456913,0.1875346166949097
-2.216419598664007,0.18966390231885935
-2.209763985136799,0.1969982013672727
-2.203108372567454,0.19842823428859646
-2.196452170243888,0.19856505601172109
-2.189795967920322,0.20065557430572548
-2.1831403553509774,0.20819662265106698
-2.1764847440043638,0.20979994614522277
-2.1698285429038537,0.20985807043354354
-2.1631723418033437,0.211867942729753
-2.15651673045673,0.2195720023118728
-2.1498611103327856,0.22139836788077621
-2.1432049004526115,0.2214135224026148
-2.1365486905724373,0.2233600647863766
-2.129893070448493,0.23122110367930437
-2.12323744212394,0.23327150792525153
-2.1165812240409774,0.2332467477074651
-2.109925005958014,0.23513007922134982
-2.103269377633462,0.24313878393938967
-2.096613752011255,0.24539002657068706
-2.0899575366313567,0.24530328311373714
-2.0833013212514584,0.24709592180580234
-2.076645695629252,0.2552106984302116
-2.069990080557129,0.257713375454242
-2.0633338757301196,0.2576098201960142
-2.05667767090311,0.25934283622041016
-2.050022055830987,0.2675715262727843
-2.0433664433675887,0.27028333462198545
-2.0367102411499967,0.2701269645695166
-2.0300540389324047,0.2717615781575565
-2.023398426469006,0.28005105810288294
-2.0167428145949025,0.2830132887495522
-2.0100866129667616,0.2828481731919257
-2.0034304113386208,0.2844196974988746
-1.9967747994645169,0.2927845381894789
-1.9901191804733103,0.2959560278339016
-1.9834629717261747,0.2957500810065965
-1.9768067629790391,0.29722344328823486
-1.9701511439878325,0.3056112422412123
-1.9634955170015074,0.30903415581792926
-1.9568393002571278,0.3088289125669095
-1.950183083512748,0.3102307048090107
-1.943527456526423,0.3186380214544755
-1.9368718315935387,0.3222793345666504
-1.930215616903146,0.32205507486449547
-1.9235594022127531,0.32336387659028126
-1.916903777279869,0.33175070427705516
-1.9102481619957574,0.33561818543377586
-1.9035919569567026,0.3353899058780647
-1.8969357519176477,0.3366109638578668
-1.890280136633536,0.34495485128894865
-1.8836245236250557,0.34904518369470566
-1.8769683208622367,0.3488265461954388
-1.870312118099418,0.3499724848131482
-1.8636565050909377,0.3582657100340817
-1.8570008923877777,0.3625534947621082
-1.8503446899303606,0.3623349566358596
-1.8436884874729436,0.36339280248600675
-1.8370328747697837,0.37159841250887793
-1.830377255143703,0.37608391618714876
-1.8237210457615245,0.37587027675758167
-1.8170648363793458,0.37682884271834793
-1.810409216753265,0.38489796838628343
-1.803753590872476,0.3896021830517195
-1.7970973752339263,0.3894322611693347
-1.7904411595953766,0.3903264777091588
-1.7837855337145876,0.39826727242796833
-1.777129911188016,0.40314125087443475
-1.7704736989045757,0.40299096946890683
-1.7638174866211356,0.40379871103641307
-1.757161864094564,0.41156707439261436
-1.7505062500916124,0.4165832939112208
-1.7438500463340578,0.4164360576791499
-1.7371938425765034,0.4171277664632386
-1.7305382285735518,0.4246566118371856
-1.72388261459849,0.42987120707551074
-1.7172264108688329,0.4298080756680962
-1.710570207139176,0.43046527263572737
-1.7039145931641142,0.43781129680407593
-1.6972589787039676,0.443137223480226
-1.6906027744890968,0.4430987451093117
-1.6839465702742258,0.44366436424859484
-1.6772909558140794,0.4507468070490963
-1.6706353341362281,0.45616961940207623
-1.6639791227017335,0.4561492698422559
-1.6573229112672392,0.456598513157418
-1.650667289589388,0.46334788056579634
-1.6440116654610004,0.46891551806306464
-1.6373554515753184,0.4690034837210571
-1.630699237689636,0.46944235448761873
-1.6240436135612486,0.47595365936149514
-1.6173879953458044,0.4815478495930973
-1.6107317873746372,0.48164683913118705
-1.6040755794034702,0.4819722156434117
-1.5974199611880258,0.4881093184812799
-1.5907643474670072,0.4937831579576344
-1.5841081439914613,0.49395420250490424
-1.577451940515915,0.4942077792010478
-1.5707963267948966,0.499965556481736
-1.5641407583427958,0.5056895543476436
-1.5574846001482023,0.5059505046811785
-1.5508284419536091,0.5061700215339143
-1.5441728735015083,0.5115789379326376
-1.5375173261843378,0.5172742075720912
-1.5308611891302935,0.5175659835359995
-1.5242050520762493,0.5176850394272035
-1.5175495047590788,0.5226443387982544
-1.5108939082716106,0.5283554805926651
-1.5042377220341963,0.528748534910119
-1.497581535796782,0.528836448444171
-1.490925939309314,0.533387704835349
-1.4842702713325735,0.5390341924783579
-1.4776140135868807,0.5394889766606761
-1.470957755841188,0.5395205858913876
-1.4643020878644477,0.5436270460783419
-1.457646360865151,0.549208478450837
-1.45099004408121,0.5497464099943885
-1.444333727297269,0.5497389540548975
-1.4376780002979723,0.553387930724178
-1.4310222482025634,0.558863537094066
-1.4243659063158374,0.5594627959659642
-1.4177095644291113,0.5593876201294021
-1.4110538123337024,0.5625189552661158
-1.404398077127102,0.5678882163101818
-1.3977417521336752,0.5685876125291197
-1.3910854271402482,0.5684981215190863
-1.384429691933648,0.5711559660503067
-1.377774010231954,0.5763816021765316
-1.3711177387576587,0.5771615061520019
-1.3644614672833635,0.5770318311575935
-1.3578057855816694,0.5791606863044334
-1.3511501752267647,0.5842038151765631
-1.344493975118227,0.5850564314452162
-1.3378377750096893,0.584886482160819
-1.3311821646547843,0.5864724790795544
-1.3245266113771867,0.5913340871707269
-1.3178704683611309,0.5922945124290252
-1.3112143253450748,0.5921320733371018
-1.3045587720674772,0.593214895653444
-1.2979032162618052,0.5978147312147462
-1.2912470707170027,0.5988306654327298
-1.2845909251722005,0.5986306493537247
-1.2779353693665285,0.599153833255788
-1.2712797587529021,0.6035362297702906
-1.264623558385574,0.6046493591733892
-1.2579673580182458,0.6044322104429135
-1.2513117474046194,0.6043769871875004
-1.2446561321202394,0.6085194864740748
-1.237999927080916,0.6097462115732384
-1.2313437220415928,0.6095492431349132
-1.224688106757213,0.6089569741335975
-1.2180324818241157,0.6127739674944389
-1.2113762671335095,0.6140534361446681
-1.2047200524429034,0.6138237229774126
-1.198064427509806,0.6126355159683341
-1.1914088005235872,0.6161818411926553
-1.1847525837793138,0.6175763720636936
-1.1780963670350404,0.617369841306409
-1.1714407400488216,0.6156214315588744
-1.1647851210579183,0.6188293341124425
-1.1581289123110863,0.6203114530392153
-1.151472703564254,0.6201271158614472
-1.1448170845733507,0.6178322597519059
-1.138161472699238,0.6206650389461987
-1.1315052710710884,0.622208899692164
-1.124849069442939,0.6220199835312292
-1.1181934575688262,0.6191417511270417
-1.1115378451055256,0.621635936762311
-1.1048816428880317,0.6232953139475065
-1.0982254406705376,0.6231635895231347
-1.091569828207237,0.6197622332856588
-1.0849142131348222,0.6218277676362742
-1.0782580083075202,0.623539847762743
-1.0716018034802182,0.6234202195655942
-1.0649461884078033,0.6194625504077127
-1.0582905627853583,0.6211269181534365
-1.0516343474052212,0.622930411824923
-1.0449781320250844,0.6228669888530084
-1.0383225064026393,0.6183968852157888
-1.0316668780781837,0.6196151561480238
-1.0250106599953177,0.6214801227573773
-1.0183544419124517,0.621452294707105
-1.0116988135879963,0.6164555483739592
-1.005043193464379,0.6172386793175617
-0.9983869835845323,0.619178655601984
-0.9917307737046854,0.6191995834480938
-0.9850751535810686,0.6136870570951389
-0.978419542234521,0.6140215537440719
-0.9717633411340768,0.6160283242371158
-0.9651071400336327,0.6160931200890807
-0.9584515286870853,0.6100633482306436
-0.9517959161178037,0.6099364106968151
-0.9451397137943005,0.612020129580157
-0.9384835114707973,0.612161944991628
-0.9318278989015157,0.6056720530881223
-0.9251722853740415,0.6050455618551253
-0.918516082092091,0.6071636216321447
-0.9118598788101404,0.6073363263763601
-0.9052042652826662,0.6003408591463701
-0.8985486406325104,0.5992605795253085
-0.8918924262249213,0.601461398169292
-0.8852362118173321,0.601720286667325
-0.8785805871671765,0.5942850500137402
-0.8719249577851267,0.5926827435829757
-0.8652687386443854,0.594910234814732
-0.8586125195036441,0.5952150820230353
-0.8519568901215945,0.5873232462107283
-0.8453012676913673,0.5852350690370284
-0.838645055504297,0.5875161786860024
-0.8319888433172267,0.587892311028399
-0.8253332208869996,0.5795752835534556
-0.8186776090017274,0.5769842217397828
-0.8120214073624155,0.5793058418503609
-0.8053652057231037,0.5797517461748142
-0.7987095938378315,0.5710291428330436
-0.7920539811068945,0.567921735895956
-0.7853977786216929,0.5702675882834407
-0.7787415761364915,0.5707736814315292
-0.7720859634055545,0.5616540242553504
-0.7654303515201001,0.5580408719719587
-0.7587741498806061,0.5604127855155414
-0.752117948241112,0.5609835302076023
-0.7454623363556576,0.551486409685588
-0.7388067139251066,0.5473656144445245
-0.7321505017377121,0.549756690276849
-0.7254942895503177,0.5503926974122689
-0.7188386671197667,0.5405400467670911
-0.712183037737678,0.5359097694000119
-0.705526818596898,0.5383060121538594
-0.698870599456118,0.5389949981917762
-0.6922149700740292,0.5287918843770387
-0.6855593454241603,0.5236607723980284
-0.6789031310168582,0.5260651348583213
-0.6722469166095559,0.526820067470417
-0.665591291959687,0.5163056625246342
-0.658935678432479,0.5106675358518471
-0.6522794751507947,0.5130600669070834
-0.6456232718691103,0.5138634122457304
-0.6389676583419022,0.5030405903483006
-0.6323120457725576,0.496909594019904
-0.6256558434489914,0.4992918042621594
-0.6189996411254252,0.5001503661051375
-0.6123440285560806,0.48904960612400356
-0.6056884172094671,0.48242315123787216
-0.5990322161089571,0.4847796757707698
-0.592376015008447,0.4856836349328454
-0.5857204036618335,0.4743202848291055
-0.5790647835378891,0.4672065927957351
-0.5724085736577149,0.4695333505294882
-0.5657523637775405,0.47048592845124954
-0.5590967436535962,0.4588904077006975
-0.5524411153290436,0.4512975054667585
-0.5457848972460807,0.45357871388774124
-0.5391286791631177,0.4545602179583352
-0.5324730508385651,0.4427302507276487
-0.5258174252163585,0.43467967206880176
-0.5191612098364601,0.43691772148072733
-0.5125049944565617,0.4379327335942946
-0.5058493688343552,0.425896241062998
-0.49919375376223246,0.41739710605588665
-0.4925375489352227,0.41958450747630344
-0.485881344108213,0.42063007760188326
-0.4792257290360903,0.40841011703425445
-0.47257011657269177,0.39946993077314563
-0.4659139143550998,0.4015903326442498
-0.4592577121375079,0.40264772217800326
-0.45260209967410936,0.3902457075666117
-0.44594648780000534,0.3808833163293208
-0.43929028617186455,0.3829421253850749
-0.43263408454372376,0.3840258454485591
-0.4259784726696198,0.37148652373072627
-0.4193228536784133,0.3617152910307176
-0.41266664493127797,0.3636953064013258
-0.4060104361841426,0.3647787222646653
-0.39935481719293614,0.35208858288023426
-0.3926991902066109,0.3419336765252313
-0.38604297346223115,0.34383883591916475
-0.37938675671785144,0.3449272007285931
-0.37273112973152617,0.3321143495947068
-0.366075504798642,0.3215907026172271
-0.3594192901082492,0.32341447038573956
-0.35276307541785634,0.32450129871572164
-0.3461074504849721,0.31158062923114377
-0.3394518352008607,0.3007061813332725
-0.33279563016180586,0.3024446878661563
-0.32613942512275096,0.30352560375294435
-0.3194838098386395,0.2905130083390279
-0.312828196830159,0.27930958075267626
-0.3061719940673402,0.28095977626272245
-0.29951579130452133,0.2820276095366148
-0.29286017829604083,0.26893217600136055
-0.28620456559288093,0.25742183270373764
-0.279548363135464,0.25898392581406193
-0.2728921606780469,0.2600374169803331
-0.2662365479748871,0.24687593978348654
-0.2595809283488064,0.23508047928164938
-0.252924718966628,0.2365513819468913
-0.24626850958444962,0.23758213538014156
-0.23961288995836894,0.22436012995401478
-0.23295726407757977,0.21230169247616226
-0.22630104843903,0.2136866501699829
-0.2196448328004802,0.21470228874445899
-0.21298920691969103,0.20144754914030955
-0.20633358439311952,0.18914280511431736
-0.19967737210967923,0.19043392594119907
-0.19302115982623888,0.1914198084049694
-0.1863655372996674,0.17812894588472178
-0.17970992329671567,0.1656074250517409
-0.17305371953916124,0.16681405076995406
-0.16639751578160678,0.1677773226001809
-0.15974190177865505,0.15447164984934414
-0.1530862878035934,0.14174954800375544
-0.1464300840739364,0.14286951319975538
-0.1397738803442794,0.14380598670917877
-0.13311826636921775,0.13049512436535854
-0.12646265190907102,0.11759858282308498
-0.11980644769420007,0.11863686174941966
-0.1131502434793291,0.11954615155904924
-0.10649462901918245,0.10623934823551931
-0.09983900734133126,0.09318850199475792
-0.09318279590683692,0.09414721543730754
-0.08652658447234259,0.09502841177649855
-0.0798709627944914,0.08173589278708732
-0.0732153386661039,0.06855657065928543
-0.06655912478042168,0.06944278382564047
-0.059902910894739425,0.07029834870088146
-0.053247286766351924,0.05703148913119468
-0.04659166855090754,0.04373964225295549
-0.03993546057974052,0.04455461856038788
-0.033279252608573444,0.04538464467840851
-0.026623634393129057,0.032155146194437864
-0.019968020672110714,0.018774123244005996
-0.01331181719656453,0.019524418167463593
-0.006655613721018344,0.02033145616729709
0,0.007150037186975005
0.006655568452100851,-0.006299807862779128
0.013311726646694189,-0.005609648345446123
0.019967884841287527,-0.004824684627004371
0.02662345329338838,-0.017948924658401078
0.03327900061055885,-0.03144939641132863
0.03993513766460304,-0.030814349468357594
0.04659127471864728,-0.030047782306902804
0.05324682203581775,-0.04310145614543366
0.05990241852328597,-0.056633698021313
0.0665586047607002,-0.05604885137837694
0.07321479099811447,-0.05529867007351784
0.0798703874855827,-0.06827191840924207
0.08652605546232303,-0.08181768237210213
0.09318231320801583,-0.08127744878147017
0.09983857095370864,-0.0805399801503309
0.10649423893044897,-0.09342041522158007
0.11314996592974541,-0.1069641710947655
0.1198062827136865,-0.10646497048454434
0.1264625994976277,-0.1057379604535665
0.13311832649692415,-0.11851424757843246
0.13977407859233312,-0.13203861879180742
0.14643042047905921,-0.13157479047086112
0.1530867623657852,-0.1308538887305502
0.15974251446119417,-0.14351275934631072
0.1663982496677944,-0.1570018362565262
0.17305457466122134,-0.15657017265229167
0.1797108996546483,-0.15585464147124872
0.18636663486124852,-0.16838768118115408
0.19302231656294241,-0.18182155937277542
0.19967858803723773,-0.1814143421251421
0.20633485951153296,-0.18069849717161965
0.21299054121322686,-0.1930916925691931
0.21964615156813175,-0.20646230192380483
0.2263023516766695,-0.20607959961337946
0.23295855178520727,-0.2053612802608388
0.23961416214011216,-0.21760023126066433
0.2462697154177098,-0.23088982342337677
0.25292585843376575,-0.23052659558309155
0.25958200144982174,-0.2298034526547878
0.26623755472741933,-0.24187830378039393
0.2728931105330913,-0.25507140230674963
0.27954925607789366,-0.2547231036311132
0.2862054016226961,-0.25399131995129376
0.29286095742836804,-0.26588870247040425
0.2995165680419945,-0.2789738224479868
0.3061727684093226,-0.2786397829539328
0.31282896877665073,-0.27789921790624955
0.31948457939027725,-0.28960923092917296
0.32614019467465716,-0.3025662831209024
0.33279639971398045,-0.30223858097732337
0.33945260475330363,-0.3014831924540233
0.3461082200376835,-0.31299075391447784
0.3527638449707809,-0.3258155200584439
0.35942005966138707,-0.3254969876758719
0.3660762743519931,-0.32472574979831
0.3727318992850905,-0.33601532868836653
0.3793875262713094,-0.34869065840913877
0.38604374301558275,-0.3483767624677948
0.39269995975985617,-0.3475871195638426
0.39935558674607496,-0.35864722069614047
0.40601120573697824,-0.3711582141931689
0.4126674144838102,-0.37084609565799664
0.4193236232306423,-0.37003631684830923
0.4259792422215456,-0.38085517376065886
0.43263485409565844,-0.39319020339927646
0.43929105572380805,-0.3928780681101385
0.4459472573519577,-0.3920450311510751
0.45260286922607057,-0.40260697109828125
0.45925848168937117,-0.4147524028137407
0.4659146839068651,-0.4144382635323745
0.472570886124359,-0.4135804075026469
0.47922649858765964,-0.4238728916879383
0.4858821136600745,-0.43581479408121804
0.49253831848737645,-0.43549682281041296
0.4991945233146784,-0.4346130251091758
0.5058501383870933,-0.44462419961607347
0.5125057640095383,-0.4563465736938348
0.5191619793896752,-0.4560195215779748
0.5258181947698123,-0.4551038632433329
0.5324738203922573,-0.4648152796895533
0.5391294487167129,-0.47631103445708306
0.5457856667995789,-0.475978664591885
0.5524418848824446,-0.47503392145224504
0.5590975132069002,-0.4844358281580958
0.5657531333305172,-0.49568138872694917
0.5724093432103643,-0.49533495723111437
0.5790655530902113,-0.4943556701218399
0.5857211732138283,-0.5034338844413695
0.5923767845603759,-0.5144204518610064
0.59903298566082,-0.5140604018086987
0.6056891867612639,-0.5130442050687289
0.6123447981078114,-0.5217815817540791
0.619000410677093,-0.5324939463465113
0.625656613000596,-0.5321177227385546
0.6323128153240991,-0.5310626851537059
0.6389684278933807,-0.5394458289986899
0.6456240414208549,-0.5498699795512332
0.6522802447028057,-0.5494738660575506
0.6589364479847561,-0.5483744445526278
0.6655920615122304,-0.5563836823301818
0.672247686162386,-0.5665068618277725
0.6789039005699751,-0.5660913266604217
0.6855601149775642,-0.5649489379779761
0.6922157396277199,-0.5725745707883303
0.6988713690097698,-0.5823740109771716
0.705527588150511,-0.5819315351569926
0.7121838072912522,-0.580741924945975
0.7188394366733021,-0.5879708372524073
0.7254950591035292,-0.5974324691303358
0.7321512712905996,-0.5969606265272435
0.7388074834776699,-0.5957209542494087
0.7454631059078969,-0.6025379451866455
0.7521187177931691,-0.611645307405952
0.758774919432481,-0.6111390274640962
0.7654311210717928,-0.6098436693722362
0.772086732957065,-0.6162306276818463
0.7787423456880019,-0.6249673814128758
0.7853985481732035,-0.6244244626469186
0.7920547506584052,-0.6230733624630572
0.7987103633893421,-0.6290206710191192
0.8053659752747963,-0.6373662743394033
0.8120221769142904,-0.6367821161778088
0.8186783785537843,-0.6353748463439978
0.8253339904392386,-0.6408748020450288
0.8319896128697897,-0.6488060572638314
0.8386458250571841,-0.6481692006167062
0.8453020372445786,-0.6466945753114332
0.8519576596751297,-0.6517247149187125
0.8586132890572183,-0.6592369718907921
0.8652695081979984,-0.65855587845334
0.8719257273387785,-0.6570239354474108
0.878581356720867,-0.661585323132809
0.8852369813707359,-0.6686386511441269
0.8918931957780382,-0.6678852759233798
0.8985494101853405,-0.6662693138090408
0.9052050348352094,-0.6703255441791223
0.9118606483624174,-0.676933781616455
0.9185168516441018,-0.6761275671930644
0.9251730549257862,-0.6744415888860616
0.9318286684529942,-0.6779916010410214
0.9384842810223388,-0.6841257133038265
0.9451404833459051,-0.6832565760532457
0.9517966856694712,-0.6814998547662675
0.9584522982388158,-0.6845433601675405
0.9651079095854294,-0.6901653230302179
0.9717641106859394,-0.6892098006874565
0.9784203117864495,-0.6873645525587762
0.985075923133063,-0.6898807976832251
0.9917315432570073,-0.6949989887740364
0.9983877531371815,-0.6939733201718311
1.005043963017356,-0.6920549547053422
1.0116995831413003,-0.6940514668025717
1.0183552114658527,-0.6986306975926913
1.0250114295488155,-0.6975136505545293
1.0316676476317785,-0.695507841373646
1.0383232759563312,-0.6969708513543611
1.0449789015785378,-0.7010107474259621
1.0516351169584361,-0.699802251903564
1.0582913323383347,-0.6977028984982091
1.0649469579605413,-0.6986150427576647
1.071602573032664,-0.7021036336972921
1.0782587778596735,-0.7008019892056858
1.0849149826866833,-0.698612465730346
1.091570597758806,-0.6989786916167556
1.0982262102222045,-0.7018956352477579
1.1048824124397965,-0.7004886178955426
1.1115386146573882,-0.6982012236174242
1.1181942271207868,-0.6980161814445025
1.1248498389948909,-0.7003759358987933
1.1315060406230317,-0.6988852417722122
1.1381622422511724,-0.6965267989103465
1.1448178541252765,-0.6958224597296323
1.151473473116483,-0.6975640865638675
1.1581296818636186,-0.6959379157212506
1.1647858906107542,-0.693465802904891
1.1714415096019608,-0.6922097377820239
1.1780971365882857,-0.6933747581935271
1.1847533533326655,-0.6916517860792153
1.191409570077045,-0.6891028706945301
1.1980651970633702,-0.6873339160128709
1.2047208219962544,-0.6878857681313396
1.2113770366866474,-0.6860390052813219
1.2180332513770402,-0.6833996647393288
1.2246888763099244,-0.6811232518094743
1.231344491594036,-0.6810778839862845
1.2380006966330908,-0.6791156742965802
1.2446569016721456,-0.6763922696694478
1.2513125169562571,-0.6736204057617983
1.2579681299647376,-0.6729803796323125
1.2646243327275564,-0.6709051154839367
1.2712805354903751,-0.668107443177349
1.2779361484988556,-0.6648674723751169
1.2845917612020155,-0.6636241713222537
1.2912479636594325,-0.6614129196904204
1.2979041661168496,-0.6585138719655137
1.3045597788200094,-0.6547862084901233
1.3112153984460904,-0.6529976547161482
1.3178716078282688,-0.650707269143391
1.3245278172104473,-0.6477742514454268
1.331183436836528,-0.6436517692002295
1.3378390627173173,-0.641243801988368
1.344495278355867,-0.6388009120010896
1.3511514939944165,-0.6357762717289391
1.3578071198752057,-0.6312336021474694
1.3644627424017772,-0.6282986796808803
1.3711189546852174,-0.6257635664032798
1.3777751669686578,-0.6226919818531506
1.3844307894952292,-0.617777124733355
1.391086403498181,-0.6143109190329952
1.3977426072557353,-0.6116768096454138
1.40439881101329,-0.6085679788747178
1.4110544250162416,-0.6033281420594367
1.4177100389913033,-0.599350218617957
1.4243662427209602,-0.5966150071876575
1.4310224464506174,-0.5934661972754822
1.4376780604256791,-0.5879207631347277
1.4443336748858255,-0.5834444623321985
1.4509898791006965,-0.5806037837716367
1.4576460833155673,-0.5774156682588811
1.464301697775714,-0.5715952274918286
1.4709573194535652,-0.5667126360353527
1.4776135308880596,-0.5638306583220114
1.484269742322554,-0.5606643767551707
1.4909253640004052,-0.5546526460950023
1.4975809881287927,-0.5493038318267874
1.504237202014475,-0.5463062375675093
1.510893415900157,-0.5430986990188655
1.5175490400285445,-0.5368714109520607
1.524204658243989,-0.5311733032247564
1.530860866215156,-0.5281472641714039
1.537517074186323,-0.5249834798591168
1.5441726924017676,-0.5186516143678528
1.5508283061227859,-0.5125891156953887
1.557484509598332,-0.5094981142456377
1.5641407130738783,-0.506348262427686
1.5707963267948966,-0.4999174890860181
1.5774518952469974,-0.49355642759212365
1.5841080534415908,-0.4904320275872666
1.5907642116361842,-0.487322202397399
1.597419780088285,-0.48084233050579567
1.6040753274054556,-0.4742258425419974
1.6107314644594997,-0.4710751698033592
1.617387601513544,-0.4680056852749862
1.6240431488307145,-0.46149897016309244
1.6306987453181827,-0.4546634091202546
1.6373549315555969,-0.45150266676220896
1.6440111177930112,-0.4484983445346381
1.6506667142804794,-0.44202741212160485
1.6573223822572198,-0.43502593552827956
1.6639786400029124,-0.43186797657940035
1.6706348977486052,-0.4289305503729112
1.6772905657253456,-0.42251360734735277
1.683946292724642,-0.4153808934387378
1.6906026095085833,-0.41223804327515434
1.6972589262925244,-0.4093850579022018
1.7039146532918208,-0.40307217477196977
1.71057040538723,-0.39583692241871765
1.717226747273956,-0.39271251085656766
1.723883089160682,-0.38994920679188744
1.7305388412560911,-0.3837733429235244
1.7371945764626913,-0.37649324315775934
1.743850901456118,-0.37340823451091676
1.750507226449545,-0.3707446380542873
1.7571629616561453,-0.36472905843877584
1.763818643357839,-0.35741930184685833
1.7704749148321346,-0.35437199268578556
1.7771311863064299,-0.35181369013665703
1.783786868008124,-0.345994283173932
1.7904424783630286,-0.33871350617163254
1.7970986784715663,-0.33572381079908514
1.803754878580104,-0.33327501779105073
1.8104104889350088,-0.3276609324825369
1.8170660422126064,-0.3204353956374645
1.8237221852286625,-0.31750870865911046
1.8303783282447184,-0.31517461674255004
1.837033881522316,-0.3097898533971799
1.843689437327988,-0.30263766379585677
1.8503455828727904,-0.2997767253639179
1.8570017284175928,-0.2975637360755694
1.8636572842232648,-0.29243552238958936
1.8703128948368912,-0.2853894998389343
1.8769690952042193,-0.28260062221444526
1.8836252955715476,-0.28050569470733516
1.890280906185174,-0.2756365855250287
1.8969365214695537,-0.26872496669125623
1.903592726508877,-0.2660211727380365
1.9102489315482003,-0.2640570236129668
1.9169045468325803,-0.2594721745595714
1.9235601717656776,-0.2527052904879354
1.9302163864562838,-0.2500670297286363
1.9368726011468897,-0.24819693028125
1.9435282260799873,-0.2438537336650333
1.9501838530662061,-0.23729487269601404
1.9568400698104795,-0.2347687815753618
1.963496286554753,-0.2330340115465197
1.9701519135409717,-0.22897663134901858
1.976807532531875,-0.22258332331545827
1.983463741278707,-0.22012786284087288
1.9901199500255393,-0.21849611555386403
1.9967755690164424,-0.21470930318671122
2.0034311808905554,-0.20853702289406784
2.010087382518705,-0.20618247957764513
2.0167435841468544,-0.20466682679567524
2.0233991960209674,-0.20115145535989506
2.030054808484268,-0.19519286840137073
2.0367110107017616,-0.19292796044946064
2.043367212919256,-0.1915182804331429
2.0500228253825563,-0.18826939459056868
2.056678440454971,-0.18252401649863548
2.063334645282273,-0.18034240340299565
2.0699908501095754,-0.17903048179487946
2.07664646518199,-0.1760406915524223
2.0833020908044353,-0.1705269597316986
2.089958306184572,-0.16844167500417095
2.096614521564709,-0.16723768389239932
2.1032701471871538,-0.16451499006919876
2.1099257755116096,-0.1592173724642721
2.1165819935944756,-0.15720634967001143
2.1232382116773416,-0.15608222193824237
2.129893840001797,-0.1535926195097257
2.1365494601254142,-0.1485374762822193
2.143205670005261,-0.1466204070595606
2.149861879885108,-0.14558915910133524
2.156517500008725,-0.14333720602054234
2.1631731113552726,-0.13850664340615357
2.1698293124557164,-0.13667064945447596
2.1764855135561607,-0.1357225937914065
2.183141124902708,-0.13369942150855885
2.1897967374719896,-0.12909113548319542
2.196452939795493,-0.1273285656445394
2.203109142118996,-0.12644835783791863
2.209764754688278,-0.1246280653305769
2.216420368215752,-0.12025044961489459
2.2230765714977028,-0.11856970948892837
2.229732774779653,-0.11776310878972432
2.236388388307127,-0.11614510711723743
2.243044012957283,-0.11198494438546944
2.249700227364872,-0.11037530509418193
2.256356441772461,-0.10963051995080929
2.263012066422617,-0.10819819823778995
2.269667695804667,-0.10425573818913912
2.276323914945408,-0.10271758490985818
2.282980134086149,-0.10203136572164535
2.289635763468199,-0.10077350079962849
2.296291385898426,-0.09704330268686408
2.3029475980854963,-0.09557030458988465
2.309603810272567,-0.0949310374960298
2.3162594327027937,-0.0938262944264166
2.3229150445880657,-0.09030144258389258
2.3295712462273777,-0.08889716058366558
2.3362274478666896,-0.08831432902030772
2.3428830597519616,-0.08737290535210712
2.3495386724828986,-0.08403709468349758
2.3561948749681,-0.0826849501685146
2.362851077453302,-0.08213634985968062
2.369506690184239,-0.08132564191027049
2.376162302069693,-0.07818637496125044
2.382818503709187,-0.07689678466538051
2.389474705348681,-0.07639098786616275
2.3961303172341353,-0.07571228909165734
2.4027859396646867,-0.07274953954140474
2.409442151852081,-0.07151157602741055
2.4160983640394758,-0.07104147736961142
2.4227539864700267,-0.07048651224199504
2.4294096158521152,-0.06769844021949545
2.4360658349928954,-0.06650626593581047
2.442722054133675,-0.066057381930363
2.449377683515764,-0.0655987355195635
2.4560333081656327,-0.06298765256619653
2.4626895225729353,-0.061851073076272425
2.4693457369802374,-0.06143640065162659
2.4760013616301064,-0.06108532631925498
2.4826569751573144,-0.05862560603794437
2.489313178438999,-0.057527389879425225
2.4959693817206827,-0.057132540381500486
2.502624995247891,-0.05687275314504555
2.5092806078172356,-0.05456682963011079
2.515936810140802,-0.05351061340493743
2.522593012464368,-0.053135549925361084
2.5292486250337127,-0.05295833384999361
2.5359042363803264,-0.05080130353262427
2.5425604374808364,-0.04978453922590892
2.5492166385813464,-0.04942437955899716
2.55587224992796,-0.04931813893831623
2.562527870051904,-0.04730218871386084
2.5691840799320786,-0.046323174076860325
2.5758402898122528,-0.04597826438659516
2.5824959099361973,-0.04594138509289723
2.58915153826075,-0.044058073641703666
2.5958077563437127,-0.04311253879085515
2.6024639744266755,-0.04277890516125524
2.6091196027512282,-0.04280412992789612
2.615775228373435,-0.04104961232813842
2.6224314437533334,-0.04013441029571123
2.6290876591332317,-0.03980563439330269
2.635743284755438,-0.03987972998690443
2.642398899827561,-0.03825055860859268
2.6490551046545705,-0.037368557239012126
2.6557113094815805,-0.03705021074061658
2.662366924553703,-0.037177676102265196
2.6690225370171015,-0.03565986186619481
2.6756787392346935,-0.03480272818360244
2.6823349414522855,-0.034488532687424064
2.688990553915684,-0.03466207217570715
2.695646165789788,-0.03325488683410744
2.702302367417929,-0.03242167140950897
2.70895856904607,-0.032107316577970516
2.7156141809201735,-0.03231646875037616
2.72226979991138,-0.03101582723849453
2.728926008658515,-0.03020762712072859
2.7355822174056508,-0.02989657204870046
2.742237836396857,-0.03014425424274122
2.7488934633831823,-0.028941187252370947
2.755549680127562,-0.028151423172610535
2.762205896871942,-0.02783660142355197
2.768861523858267,-0.028112991133694115
2.775517148791151,-0.027005749990788815
2.7821733634815438,-0.026234681488081894
2.7888295781719368,-0.02591612976650894
2.795485203104821,-0.026218856529159548
2.8021408183889327,-0.025202459291988156
2.8087970234279873,-0.024447043507650208
2.8154532284670424,-0.024121467627770697
2.822108843751154,-0.02444515428414424
2.828764456759634,-0.023515839534510065
2.835420659522453,-0.022773416573357207
2.842076862285272,-0.022437377245774163
2.8487324752937524,-0.022776166036887098
2.8553880879969125,-0.021928690238475226
2.8620442904543295,-0.021197516655627153
2.8687004929117466,-0.020851086148464107
2.8753561056149066,-0.02120525604976139
2.882011725240987,-0.020436021185870606
2.888667934623166,-0.019711700684334674
2.895324144005344,-0.019348064421643864
2.9019797636314246,-0.019707187647148287
2.908635389512214,-0.01901391145807862
2.9152916051507636,-0.018295338807767396
2.9219478207893133,-0.017913419307342398
2.928603446670102,-0.018275300651356637
2.9352590691966736,-0.017654729905590714
2.941915281480114,-0.016938082488738116
2.9485714937635543,-0.01653239250811077
2.955227116290126,-0.016888999724623592
2.9618827302930777,-0.016338109622865936
2.968538934050632,-0.015621353050993169
2.9751951378081865,-0.015189991879843642
2.981850751811138,-0.015538714984460123
2.9885063657861997,-0.01505338214278696
2.995162569515857,-0.014332267931909306
3.001818773245514,-0.013870021402497731
3.0084743872205757,-0.014203868160473603
3.0151300016807223,-0.013783174422016289
3.021786205895593,-0.013054330383937605
3.028442410110464,-0.012554555006586112
3.0350980245706105,-0.01286285708065852
3.041753646248462,-0.012505203968228403
3.048409857682956,-0.011768135700865974
3.055066069117451,-0.011230672409480164
3.0617216907953018,-0.011512597925187803
3.0683773149236893,-0.011210794582950167
3.0750335288093718,-0.010458405973014999
3.081689742695054,-0.009875230599752594
3.0883453668234413,-0.010120643811244945
3.0950009850388858,-0.009876640655894126
3.1016571930100527,-0.009107973962219178
3.1083134009812197,-0.008474032196980837
3.114969019196664,-0.008672291384358313
3.1216246329176824,-0.00848553959031686
3.1282808363932286,-0.007699411542473609
3.134937039868775,-0.007011397492074357
3.141592653589793,-0.007155430407893017
