-3.122914562326984,-0.05662419783010057
-3.1042103147038818,-0.05646439114288485
-3.08549296141303,-0.05670177905807773
-3.066775608122178,-0.05733600775648928
-3.048071360499076,-0.05836672383904561
-3.029393269236267,-0.058557237137530305
-3.010714857280311,-0.05729643984612552
-2.992010287613612,-0.05779499467306201
-2.9732926116015728,-0.05881712272268705
-2.954574935589533,-0.06036338308286675
-2.9358703659228342,-0.0624343356377659
-2.9171919539668782,-0.06250379846002675
-2.8985139144616454,-0.06010475568196893
-2.8798097188140677,-0.06100897839113006
-2.861092417608097,-0.06269124973114114
-2.8423751164021267,-0.06515309945466487
-2.823670920754549,-0.06839606132727136
-2.8049928812493157,-0.06857275933331702
-2.786314734090049,-0.0646756863965545
-2.7676104303351114,-0.06575437809322632
-2.7488930207943225,-0.06796170924237796
-2.730175611253533,-0.07129947225774572
-2.7114713074985954,-0.07576946335049745
-2.692793160339329,-0.07628544588715429
-2.674115014753747,-0.0706102492709327
-2.6554107125791204,-0.07161820478349164
-2.636693304621968,-0.07422095579040522
-2.6179758966648152,-0.07841818239496828
-2.599271594490189,-0.08420956478602606
-2.580593448904607,-0.08555438360071772
-2.5619153188969466,-0.07795062447817358
-2.5432110323658397,-0.07858962178726489
-2.5244936400851206,-0.08142520931396321
-2.505776247804402,-0.08645164059592761
-2.487071961273295,-0.09366318919764954
-2.4683938312656344,-0.09659479101484278
-2.4497156832860054,-0.087190641724027
-2.4310113787072507,-0.08714283192290773
-2.412293968340911,-0.08998751115004572
-2.393576557974572,-0.09572019583810794
-2.374872253395817,-0.10433641168144701
-2.356194105416188,-0.10973921951215704
-2.3375159574364535,-0.09907919286260042
-2.318811652857592,-0.09814892108927796
-2.300094242491146,-0.10085791700603389
-2.2813768321247,-0.10720816897418906
-2.262672527545839,-0.11720166680381887
-2.243994379566104,-0.12610567967297664
-2.225316249558398,-0.1147592393261916
-2.206611963027245,-0.11262216488071042
-2.1878945707464803,-0.1149668015836694
-2.169177178465716,-0.12180023165515896
-2.150472891934563,-0.1331295522453622
-2.131794761926857,-0.146763406418089
-2.1131166163415185,-0.13564193531947114
-2.0944123141671365,-0.13202620028953432
-2.075694906210229,-0.13372353233390377
-2.056977498253321,-0.14073973996860042
-2.038273196078939,-0.15308064017961587
-2.0195950504936007,-0.17240902724430973
-2.000916903334253,-0.1627714279392467
-1.9822125995792332,-0.15755740086316436
-1.9634951900383621,-0.158424634754189
-1.944777780497491,-0.1653738496581631
-1.9260734767424712,-0.17840576573460448
-1.9073953295831234,-0.20436516586701164
-1.8887171949967723,-0.19737008328647215
-1.8700129038676938,-0.19031193333388408
-1.8512955069793295,-0.19003359206986287
-1.8325781100909648,-0.19653387322157026
-1.8138738189618866,-0.2098115907928998
-1.7951956843755354,-0.24309490501925113
-1.77651754712402,-0.24011852504889597
-1.7578132533185542,-0.23119288296487503
-1.7390958537481713,-0.22954954207708944
-1.7203784541777885,-0.23519072064116167
-1.7016741603723227,-0.24811863781373766
-1.6829960231208072,-0.28880840717212375
-1.6643178800445488,-0.2911167584325967
-1.6456135803898124,-0.2804905874780797
-1.6268961749578519,-0.2774066388781698
-1.6081787695258913,-0.2818687663068657
-1.589474469871155,-0.2938808260639765
-1.5707963267948966,-0.3414794360663118
-1.5521182355320873,-0.35001489372818295
-1.533413987908985,-0.3380293691490538
-1.5146966346181334,-0.33355946270703557
-1.4959792813272816,-0.3366090184109557
-1.4772750337041793,-0.34718188289154667
-1.45859694244137,-0.4005367500784295
-1.4399185304854143,-0.41557021167808006
-1.4212139608187155,-0.4026536207390649
-1.402496284806676,-0.3970406029237037
-1.3837786087946362,-0.3987299394907876
-1.3650740391279377,-0.40772041197025405
-1.346395627171982,-0.46546650526456573
-1.3277175876667486,-0.48662913706347705
-1.309013392019171,-0.47322218952628703
-1.2902960908132004,-0.46669820260479583
-1.27157878960723,-0.46705401508638056
-1.2528745939596524,-0.47428646769396543
-1.2341965544544191,-0.5344923191449313
-1.2155184072951528,-0.5611028801000448
-1.196814103540215,-0.5478484049280025
-1.1780966939994257,-0.5408261351361271
-1.1593792844586366,-0.5400333977008682
-1.1406749807036987,-0.5454675211270832
-1.1219968335444321,-0.6059997615058438
-1.1033186879588506,-0.6368902787682719
-1.0846143857842239,-0.6243395544483288
-1.0658969778270713,-0.6172210661408719
-1.0471795698699187,-0.6155343654312289
-1.0284752676952922,-0.6192790039540766
-1.0097971221097104,-0.6781327011807523
-0.9911189921020498,-0.7118000717107079
-0.9724147055709429,-0.7003515024714769
-0.953697313290224,-0.6934681633876494
-0.9349799210095051,-0.6911530592311284
-0.9162756344783982,-0.693409197411326
-0.8975975044707376,-0.7488171917311683
-0.8789193564911089,-0.7834876311408803
-0.8602150519123539,-0.7733297736640442
-0.8414976415460145,-0.7669272286918853
-0.8227802311796754,-0.7642860146958126
-0.8040759266009203,-0.7654121630148208
-0.7853977786212916,-0.8160658020729223
-0.7667196306415568,-0.8500237283245022
-0.7480153260626954,-0.8412109377905156
-0.7292979156962494,-0.8353870662185148
-0.7105805053298035,-0.8325576789556672
-0.6918762007509421,-0.8327283551745724
-0.6731980527712073,-0.8773295319259934
-0.6545199227635012,-0.9091460102562765
-0.6358156362323485,-0.901805771066625
-0.6170982439515837,-0.8967364180188322
-0.5983808516708191,-0.8939407152436667
-0.5796765651396663,-0.89342143135973
-0.5609984351319602,-0.9310600852469786
-0.5423202895466219,-0.9593555389526333
-0.5236159873722398,-0.9534402437720804
-0.5048985794153322,-0.9491935671627245
-0.4861811714584246,-0.9466161311265566
-0.46747686928404253,-0.9457085579747521
-0.44879872369870427,-0.9758943963793093
-0.4301205765393563,-0.9995319789947793
-0.4114162727843365,-0.9949423717822892
-0.39269886324346553,-0.9915482821861697
-0.37398145370259445,-0.989349491652592
-0.3552771499475747,-0.9883457816809966
-0.3365990027882268,-1.0109140172546236
-0.3179208682018756,-1.0291900011926485
-0.29921657707279725,-1.0258941980366953
-0.2804991801844328,-1.0234035488107651
-0.2617817832960683,-1.0217179111418853
-0.24307749216698998,-1.0208371426906502
-0.22439935758063884,-1.035770151200496
-0.20572122032912332,-1.0481505015247436
-0.18701692652365765,-1.0460533021580865
-0.1682995269532747,-1.0444880398536012
-0.14958212738289176,-1.0434551517936277
-0.13087783357742605,-1.0429550756397112
-0.11219969632591055,-1.0505044335961784
-0.09352155324965221,-1.056580054255737
-0.07481725359491584,-1.0555395305695796
-0.05609984816295527,-1.0548994466753991
-0.037382442730994704,-1.0546602031816277
-0.018678143076258317,-1.0548222012312478
0,-1.0553870460327035
0.01867809126280934,-1.0548286394627742
0.03738233888591169,-1.0546666217053922
0.0560996921767633,-1.0549025947146868
0.0748170454676149,-1.055536957447284
0.09352129309071724,-1.0565701093932207
0.1121993843535266,-1.0504884022275136
0.13087779630948237,-1.0429581564968624
0.14958236597618096,-1.0434653659635318
0.16830004198822068,-1.044496037271448
0.18701771800026046,-1.0460502254215658
0.20572228766695905,-1.0481279854225451
0.2244006996229148,-1.035724187276204
0.24307873912814795,-1.0208562806997115
0.26178293477572556,-1.0217696742061877
0.28050023598169616,-1.023458862874749
0.2992175371876667,-1.0259235269748508
0.31792173283524433,-1.02916334695162
0.33659977234047744,-1.0108060269072454
0.35527791949974385,-0.9883588574036486
0.3739822232546818,-0.9894223409658122
0.39269963279547093,-0.9916240321115485
0.41141704233626,-0.9949634621346475
0.4301213460911979,-0.9994401625862095
0.44879949325046437,-0.9756397926982123
0.4674776388360461,-0.9456254151604442
0.4861819410106727,-0.9466298735371542
0.5048993489678253,-0.9492377607721254
0.523616756924978,-0.9534475443408984
0.5423210590996045,-0.9592576936713999
0.5609992046851863,-0.9307997119501732
0.5796773346928469,-0.8933798895668746
0.5983816212239537,-0.8940193659192588
0.6170990135046726,-0.8968490807646041
0.6358164057853914,-0.9018669447118175
0.6545206923164983,-0.9090708710265434
0.673198822324159,-0.8770448870616476
0.6918769703037878,-0.8326792876626017
0.7105812748825427,-0.8326274781463121
0.7292986852488821,-0.8354727251167553
0.7480160956152213,-0.841212187463061
0.7667204001939762,-0.8498430277881388
0.785398548173605,-0.8156270477851232
0.8040766961533399,-0.7652564146015766
0.8227810007322013,-0.7642970820433856
0.8414984110986472,-0.767011195592605
0.8602158214650931,-0.7733962675969873
0.8789201260439545,-0.7834498126499582
0.8975982740236893,-0.7485998088241714
0.9162764040313953,-0.6933824107924546
0.9349806905625481,-0.6912219138239931
0.9536980828433129,-0.6935476913302338
0.9724154751240776,-0.700358655838119
0.9911197616552303,-0.7116537202260338
1.0097978916629364,-0.6777717127171896
1.0284760372482746,-0.6191334426667832
1.0471803394226569,-0.615526921745279
1.0658977473795643,-0.617291028754951
1.084615155336472,-0.6244247277710361
1.103319457510854,-0.6369269831351764
1.1219976030961925,-0.6059318279180843
1.1406757502555402,-0.5454580913384348
1.15938005401056,-0.5400535678076577
1.1780974635514312,-0.5408514388154189
1.1968148730923023,-0.5478498181537624
1.215519176847322,-0.5610468203794735
1.23419732400667,-0.5343551700483573
1.252875458593021,-0.47424559680745304
1.2715797497220993,-0.46707692904900155
1.2902971466104638,-0.46676038180696755
1.3090145434988283,-0.4732925631209244
1.3277188346279067,-0.48667008326887695
1.3463969692142579,-0.4654511925039714
1.3650751064657733,-0.4076726005845936
1.383779400271239,-0.3986722502301652
1.402496799841622,-0.39700566033506823
1.4212141994120049,-0.402666718854478
1.4399184932174707,-0.4156493205334915
1.4585966304689861,-0.4007068918311535
1.4772747735452445,-0.3472272421024924
1.4959790731999807,-0.3365685622522756
1.5146964786319415,-0.333479039362189
1.533413884063902,-0.3379473581793001
1.5521181837186384,-0.3499622259932437
1.5707963267948966,-0.3414843439347305
1.589474418057706,-0.2938896616252968
1.6081786656808084,-0.2818879151070947
1.62689601897166,-0.2774397949413136
1.6456133722625115,-0.28053404275262134
1.6643176198856138,-0.29115942252811544
1.6829957111484233,-0.28884244742692955
1.701674123104379,-0.24814723474237704
1.7203786927710776,-0.23522217758596856
1.7390963687831174,-0.22959019667447866
1.7578140447951571,-0.2312365258299457
1.7765186144618557,-0.24014643870999475
1.7951970264178114,-0.24309087792164452
1.8138750659230445,-0.20979981402836972
1.8325792615706222,-0.19653482773550707
1.8512965627765927,-0.19007011173213983
1.8700138639825634,-0.1903942550469502
1.888718059630141,-0.19749587222475906
1.907396099135374,-0.20454036948246432
1.9260742462946405,-0.17845980308199194
1.9447785500495784,-0.1653555640169532
1.9634959595903676,-0.15840094390689657
1.9822133691311565,-0.1575924707597806
2.0009176728860947,-0.1629266751967183
2.019595820045361,-0.17276868396616737
2.0382739656309425,-0.15320995604124765
2.0569782678055692,-0.14069873177389697
2.075695675762722,-0.1336068105234695
2.0944130837198744,-0.1319374006632788
2.113117385894501,-0.13569371309972678
2.131795531480083,-0.1470928900236131
2.1504736614877435,-0.13328654820854033
2.1691779480188504,-0.12182606164611655
2.187895340299569,-0.11493050418154394
2.2066127325802882,-0.11260502865485696
2.225317019111395,-0.11485479566429756
2.2439951491190557,-0.1264351922989117
2.2626732970986843,-0.11733071773130986
2.2813776016774394,-0.10720010171758017
2.3000950120437786,-0.10079796787316868
2.318812422410118,-0.09812872804518244
2.337516726988873,-0.09919680104408846
2.3561948749685016,-0.11011468396136256
2.3748730229482367,-0.1044784365771302
2.393577327527098,-0.09570956595552646
2.4122947378935438,-0.08991920618701031
2.4310121482599896,-0.08711042426316463
2.4497164528388513,-0.08728629138782037
2.468394600818586,-0.09692057937493744
2.487072730826292,-0.09376284359301357
2.505777017357445,-0.0864122420078923
2.5244944096382094,-0.08134141457080699
2.5432118019189742,-0.07855230705409767
2.561916088450127,-0.07804686744500683
2.580594218457833,-0.0858789679671974
2.599272364043171,-0.084335786483372
2.617976666217553,-0.07840693435333075
2.636694074174461,-0.07414533244667451
2.6554114821313686,-0.07155198041315955
2.6741157843057506,-0.07062787870186077
2.692793929891089,-0.07647263652894778
2.711472077050437,-0.07585766988219639
2.7301763808054567,-0.07130775404846385
2.7488937903463277,-0.06792161049569248
2.767611199887199,-0.06569935273961153
2.7863155036422187,-0.06464109431071335
2.8049936508015665,-0.06860441289143478
2.8236717853879174,-0.06843385086424743
2.842376076516996,-0.0651854488803952
2.8610934734053606,-0.06271618426038368
2.879810870293725,-0.06102557059276384
2.8985151614228033,-0.06011312187088773
2.9171932960091542,-0.06250951384249331
2.93587143326067,-0.06243949471751458
2.9545757270661355,-0.06036517641293127
2.9732931266365186,-0.05881706847403091
2.9920105262069017,-0.057794520170821255
3.010714820012367,-0.05729688184582169
3.029392957263883,-0.0585632899314424
3.048071100340141,-0.058366770151122606
3.0667753999948775,-0.05733047683656876
3.085492805426838,-0.05669383793673249
3.1042102108587986,-0.05645649680583702
3.1229145105135347,-0.05661809722233341
3.141592653589793,-0.05717991837396261
