-3.131014329272402,0.03770263106043355
-3.0970595021689333,0.047624661763971385
-3.062246954796019,0.0590275122271152
-3.0266312271854168,0.07090728667350357
-2.99389952814786,0.07059139439421311
-2.959933855729211,0.07326735248981651
-2.924745893182597,0.07794667694435142
-2.888360263720839,0.08462890851046502
-2.850815947708292,0.09331358808116352
-2.812167471981823,0.10400025668975774
-2.772485761302521,0.11668845550980948
-2.7318585405771,0.15093531983720126
-2.6940880139315193,0.1677413521345366
-2.6548157641900505,0.16723108612902587
-2.6140787127330274,0.16896606599202305
-2.5719359687483845,0.17295025120093893
-2.528470679420507,0.17918761054867915
-2.4837911795455696,0.18768212217105623
-2.4380312164591653,0.19843777357429856
-2.391349061012469,0.2566709643468122
-2.3470622512438317,0.29731740224531383
-2.3011349134833257,0.2945444938843982
-2.2536782744205253,0.29356453132851595
-2.2048384741719387,0.29437740396706147
-2.1547964973960623,0.29698300119852666
-2.103766231482996,0.3013812124305013
-2.0519904939668,0.30757192707967085
-1.9997350761996506,0.37797103050410935
-1.9488699761693382,0.43768146620604487
-1.8966659868861937,0.4356193603352011
-1.8433640180483348,0.4341981993552144
-1.7892399254151081,0.43341548682970626
-1.7345971970062422,0.43326873927008575
-1.679757410992776,0.43375548605171593
-1.6250491541013303,0.43487326933073117
-1.5707963267948966,0.4950184965851217
-1.516543282851769,0.5556270724931706
-1.4618348037998758,0.5571208386608822
-1.4069947940192316,0.5579014112006669
-1.3523518442484832,0.5579715393973759
-1.2982275365287812,0.5573339584230631
-1.2449253623884022,0.555991389427427
-1.1927211805566462,0.5539465396275549
-1.1418559030455722,0.5796904938540779
-1.0896005602713774,0.6160773928610969
-1.0378249000837585,0.6222213136918175
-0.9867947125221749,0.6266180114747376
-0.9367528138494636,0.629274808733555
-0.8879130902869219,0.6301989871312793
-0.8404565254734364,0.629397787754845
-0.7945292586850443,0.6268784113973483
-0.7502425159630245,0.60246196156819
-0.7035603788208141,0.5947275045616268
-0.6578004345881784,0.6050714570338322
-0.6131209538399365,0.6133262333053292
-0.5696556836535693,0.6195100897465008
-0.5275129585935572,0.6236410706332599
-0.48677592564442357,0.6257370112181533
-0.4475036938287992,0.6258155407482592
-0.4097331843966485,0.5510716547759527
-0.36910598025784686,0.49203843887074983
-0.32942428588958167,0.5041022316089736
-0.290775826055721,0.5144515107514656
-0.2532315253968487,0.5230970929542504
-0.21684591065255857,0.5300497040763534
-0.18165796211286814,0.5353199801305131
-0.1476923029379479,0.5389184682219745
-0.11496061634802439,0.4266264137778904
-0.07934486150659058,0.32472734220939037
-0.04453228791368279,0.33566368734657503
-0.010577435736439843,0.3452049951116367
0.022475694547834945,0.3533500236521758
0.05459326740259285,0.36009752964137176
0.08575103797093846,0.3654462682757925
0.11593362892505968,0.3693949932732031
0.14513370704315195,0.236645379022527
0.17699460874457812,0.10957113981404534
0.20822291015036137,0.11697116983941003
0.23877824389417537,0.12354088572707964
0.2686269764965887,0.12927269038942088
0.2977420364447479,0.13415889377429824
0.32610263190795574,0.13819171143871845
0.35369388097698123,0.1413632630961323
0.3805063771123649,0.005551964276321444
0.40963884361957514,-0.1291529458078668
0.4382936303816834,-0.12566812140405448
0.46643654335809626,-0.1221064576362419
0.4940378345880328,-0.11846723386791534
0.5210721837678769,-0.11474972042300126
0.5475186083409169,-0.11095317844368104
0.5733603123457868,-0.10707685974551462
0.598584484923906,-0.23253748282541192
0.625742362346522,-0.36205716521861003
0.652554656410125,-0.36128697669389265
0.678990149682219,-0.35963446197144294
0.7050205975810793,-0.3570895382942576
0.7306208052320344,-0.3536419686906882
0.7557686549284102,-0.34928135901475477
0.7804450881276483,-0.3439971549180333
0.804634046799892,-0.4484187171912043
0.8303600565875443,-0.5596162010663698
0.855853038542448,-0.5590767393455568
0.8810834967175585,-0.5574234461666359
0.9060238733646546,-0.5546390055849721
0.9306486810953686,-0.5507057408546737
0.9549346010895602,-0.5456056049821535
0.9788605478633843,-0.539320170981339
1.0024077019393656,-0.6125268909366122
1.0270981796497183,-0.6909919557077088
1.051653778377175,-0.6879252425109106
1.0760462636844437,-0.6840093266345113
1.100248549625659,-0.6792302133535087
1.1242348603146086,-0.6735735987365568
1.1479808698109093,-0.6670248610588352
1.1714638189280622,-0.6595690519271517
1.1946626082118765,-0.6910355055843425
1.2186181293444425,-0.7220956116292943
1.2425272171021575,-0.7130260410325966
1.266362781717456,-0.7036683737635177
1.290098233190117,-0.6940195279746053
1.3137076546223454,-0.6840763777046441
1.3371659643900549,-0.6738357520865085
1.3604490647490652,-0.6632944345378902
1.3835339748772637,-0.6478150574047761
1.406995456583551,-0.6294388561265912
1.430493221114591,-0.6155610527705815
1.4540013727844459,-0.601548086438733
1.4774939471868738,-0.5874004978629155
1.5009450829392734,-0.57311882489451
1.5243291917283353,-0.5587036025235641
1.5476211238777837,-0.5441553628977941
1.5707963267948966,-0.49484852330816703
1.5939716216394557,-0.4464738427448091
1.6172636471235307,-0.4325844405326467
1.6406478503651003,-0.41855476284575494
1.6640990813865881,-0.4043853649453612
1.687591751564506,-0.39007679916598764
1.7110999992005216,-0.37562961493470803
1.7345978595705618,-0.361044358790254
1.7580594366722586,-0.3079472524982569
1.7811443221645717,-0.25907001368527466
1.8044273976644662,-0.2488635639181681
1.8278856824285694,-0.23895024348459826
1.8514950787948175,-0.22932676449405948
1.875230505223801,-0.21998988804446512
1.8990660449040668,-0.21093642331314516
1.9229751079224515,-0.20216322666800896
1.9469306045981738,-0.168214544643357
1.970129394540254,-0.13420423672824341
1.9936123445788336,-0.12659081475442518
2.0173583552657934,-0.11991354767233876
2.0413446674190405,-0.11416445239922363
2.06554695510079,-0.10933563636294155
2.0899394424254973,-0.10541929622286371
2.114495043445948,-0.10240771661238757
2.1391855237214226,-0.08868355091736956
2.162732679215474,-0.06938093258105135
2.186658627703155,-0.06291970003330054
2.210944549714365,-0.05768715074804985
2.2355693597707065,-0.053680309819472666
2.2605097390553395,-0.050896211937844466
2.2857402001808613,-0.049331901350882224
2.311233185397519,-0.04898443182526921
2.3369591987541227,-0.04746647965603968
2.3611481850421216,-0.03875665554297317
2.385824647398198,-0.03337703313821082
2.410972527758411,-0.028943560703255093
2.4365727675301296,-0.025456573610361563
2.462603248939837,-0.022916407390306114
2.4890387770287563,-0.02132339773247836
2.5158511071136505,-0.020677880484975337
2.5430090216433556,-0.024319513815320354
2.568233103301378,-0.023382017383948593
2.594074711498768,-0.019311347380493383
2.6205210354983164,-0.015446056906776641
2.647555279520626,-0.01178538072464973
2.675156461255587,-0.008328557392921425
2.7032992607137056,-0.005074829243837868
2.7319539303172724,-0.0020234423597362836
2.761086276477428,-0.006825437913823409
2.7878988742150543,-0.01185924172658773
2.8154902317020793,-0.008419698952562832
2.8438509423478453,-0.004161635663003416
2.872966124102829,9.119283627715309E-4
2.902814984897122,0.006797988181750529
2.9333704528714426,0.013493553596227012
2.964598894086613,0.02099564906346597
2.996459940600027,0.020088960605486324
3.025660000401523,0.013148270603580193
3.055842571636548,0.01698364559196903
3.0870003210857324,0.022365668176979506
3.11911787144534,0.02927752135811134
