-3.1404804876585812,-0.10804860040868569
-3.133801632955136,-0.11034215432760279
-3.127084325673538,-0.11141864936922685
-3.1204056915532834,-0.11155020676505695
-3.113687186114888,-0.11326896526546093
-3.1069290631807416,-0.11504391624808119
-3.1001315940494023,-0.11525807608201846
-3.093372744079315,-0.1145776134139512
-3.086573101664634,-0.11598999489456732
-3.079732930827062,-0.11787828209652623
-3.072852513913361,-0.11852883003145404
-3.0660106213517406,-0.11822852052678157
-3.0591270084534257,-0.11991839564535212
-3.052201950744081,-0.12188474551646303
-3.0452357429757737,-0.12230932285123869
-3.0383079097901606,-0.12276305868078294
-3.0313374237011392,-0.1253354212591105
-3.024324573181046,-0.1282081334054248
-3.0172696668853995,-0.12940345368079376
-3.010252950868707,-0.12916321821938653
-3.003192647448214,-0.13108804649844946
-2.9960890596327436,-0.13320020910331748
-2.988942511629179,-0.13346572567626336
-2.981833919782798,-0.13254009244297035
-2.97468080709994,-0.13413009829947276
-2.9674834928764744,-0.1362017679883885
-2.96024231868196,-0.13666961085901136
-2.9530388002606047,-0.13554198117589752
-2.9457898319152673,-0.13717215719006803
-2.938495751154627,-0.13947471780993329
-2.9311569189000517,-0.14029075463844864
-2.9238553731736334,-0.14058086875082446
-2.9165074565450495,-0.14340761202126695
-2.9091135268498394,-0.1466120756334654
-2.9016739665409306,-0.14790566663514465
-2.894271275549164,-0.1468397333951565
-2.8868213053880836,-0.14872681262024223
-2.8793244365319093,-0.15127833741778463
-2.871781075344226,-0.1521549359690058
-2.8642740936860784,-0.15123279020511715
-2.8567189422167316,-0.15311467620819624
-2.849116026574173,-0.15546117504592
-2.841465779626302,-0.15601166788612514
-2.8338513787947526,-0.15357723450360963
-2.8261879410907,-0.154890705902795
-2.818475900060867,-0.1576914868887556
-2.8107157178910827,-0.15966940670613483
-2.8029907912107306,-0.15957795564607974
-2.795215990683531,-0.16230887931903812
-2.7873917807412383,-0.16555197503230432
-2.779518655931784,-0.16692120513199715
-2.7716801224235885,-0.16465217720391248
-2.763790915236259,-0.16654503134134505
-2.7558515329048823,-0.1702137922568023
-2.7478625056239023,-0.1731385625451074
-2.7399073228859017,-0.172315854267729
-2.7319007115087763,-0.17431136540478287
-2.723843207598868,-0.17660511787397093
-2.7157353805280517,-0.177089025603642
-2.707660601971652,-0.17308225180670572
-2.6995336936762637,-0.17375729442803478
-2.691355233032913,-0.17700584718664825
-2.68312583236189,-0.18066337741719646
-2.6749286037953475,-0.18013484691052084
-2.6666786076888394,-0.1824220140412312
-2.658376466681032,-0.18536042061802888
-2.650022840054061,-0.18680369644661415
-2.6417004641863224,-0.18491375255493744
-2.633324757030925,-0.18719546728637154
-2.624896390671618,-0.19150191724686763
-2.6164160755901267,-0.19564810931395454
-2.607966038604273,-0.1948269726719439
-2.5994621921621786,-0.19649182801636844
-2.5909052622110855,-0.19845825235269568
-2.5822960148780685,-0.19886195481936378
-2.5737160071613987,-0.19601680360188495
-2.565081809560299,-0.19717186121546915
-2.5563942065064422,-0.2004620664516013
-2.5476540244046237,-0.20415386706918004
-2.5389419656803205,-0.20308706062869702
-2.5301754471617675,-0.2045291527585857
-2.5213553165619724,-0.20674722024857145
-2.5124824653525697,-0.20812183873936146
-2.5036365822390083,-0.20803424408133958
-2.4947360938936427,-0.21108629484193248
-2.485781916232788,-0.21565839991749047
-2.4767750106852673,-0.22018290484773284
-2.467793856086634,-0.21932001373922594
-2.458758089533068,-0.2204798877530442
-2.449668700145644,-0.22209521148141892
-2.4405267242526856,-0.22289242896706352
-2.4314092535331007,-0.222110706261208
-2.422237317921297,-0.22394663672651122
-2.4130119847492417,-0.22712658309369535
-2.403734370159268,-0.23069070827364546
-2.3944799925782547,-0.2289790525395552
-2.385171466316515,-0.2293102586665723
-2.3758099418463776,-0.2307245712975105
-2.3663966199250894,-0.23245681551853797
-2.3570052328839814,-0.23453916628859692
-2.3475601977245715,-0.23826138329627725
-2.338062752824128,-0.24285833048606542
-2.328514188149987,-0.2476730121195014
-2.318986211215752,-0.24636051286308513
-2.3094052858567236,-0.24705839989891695
-2.2997727428550023,-0.24910969067750593
-2.2900899656741704,-0.2522251165414204
-2.280426422522516,-0.25274788730648096
-2.2707108443665325,-0.2545646168064223
-2.260944658496194,-0.25738610572181037
-2.2511293457123434,-0.2613519858731889
-2.241331898106535,-0.25841771577596423
-2.2314835561406086,-0.2578953371285816
-2.22158584719299,-0.2599246332435284
-2.211640352670067,-0.2648881132430675
-2.2017113660422574,-0.2668838342520744
-2.191732865291572,-0.26953657562609
-2.1817064807933457,-0.273228784920885
-2.1716338971038702,-0.27854316300036375
-2.1615764904932635,-0.2762507359374057
-2.1514712002363967,-0.27644517970367466
-2.1413197617902315,-0.2797097347693776
-2.1311239645301208,-0.286871663167464
-2.1209420282041043,-0.2883044795366597
-2.1107140971433447,-0.28972261209809286
-2.1004420130084394,-0.29195292366672576
-2.090127670651595,-0.29667360004305654
-2.079825875839586,-0.29218357754955115
-2.0694802389631506,-0.29050318483615134
-2.0590927079143464,-0.29331204856360055
-2.0486652825421388,-0.30247718218312625
-2.0382491320111256,-0.3044720070122788
-2.0277915583077157,-0.30576060192930643
-2.0172946143416097,-0.30820874578595203
-2.0067604031993174,-0.3139367803176115
-1.9962362240537546,-0.3108251145332351
-1.9856733055909834,-0.31058453187736584
-1.9750738031790602,-0.31533696036725095
-1.9644399200095388,-0.32731219812251783
-1.9538148810994098,-0.3293683770978893
-1.9431540466562898,-0.3298693801339522
-1.9324596705022128,-0.3310432060288625
-1.9217340513396888,-0.33627615994767646
-1.911016148797956,-0.33333170639490217
-1.9002656451661064,-0.33158801389174475
-1.8894848872139502,-0.3344323115759963
-1.878676263056449,-0.3454733972022537
-1.8678742678962659,-0.3474906352724328
-1.857043102931637,-0.3471244131149939
-1.8461852008708746,-0.3479824195683544
-1.8353030316532182,-0.3539929233467507
-1.8244264280937468,-0.35482440865085113
-1.8135243045634948,-0.35533588509380776
-1.802599171238583,-0.35945510851291834
-1.7916535708632562,-0.37138502784378075
-1.7807125299601922,-0.3740231721443077
-1.7697498150658952,-0.3733021184311457
-1.758768003947226,-0.3734251398922457
-1.7477697017747462,-0.3793051726072803
-1.7367749827062389,-0.3809892575823793
-1.725762605192205,-0.3805548885299437
-1.7147352034498,-0.382914786738107
-1.7036954334977945,-0.39348633893355967
-1.6926583236136832,-0.3955237947174875
-1.681607710276461,-0.39337949386569343
-1.6705462719032933,-0.39247112004049667
-1.6594767027522594,-0.39853386653023437
-1.648408903805646,-0.4036215316167937
-1.6373318625494722,-0.4050319497357199
-1.6262482884666318,-0.4085007906747605
-1.6151609006539525,-0.4200757267069421
-1.6040743957134498,-0.4233744164963207
-1.5929829800199535,-0.42172891904803167
-1.5818893803729213,-0.42118694985554156
-1.5707963267948966,-0.4284116169976796
-1.559703348672497,-0.4344894507708578
-1.5486098244922335,-0.4350143285033628
-1.537518484220942,-0.436649361181168
-1.5264320546024825,-0.4466579571715009
-1.5153447848293675,-0.44838284094159775
-1.5042613286811202,-0.4449085602198173
-1.4931844051678338,-0.4434989638236632
-1.4821167236861543,-0.4517166108862394
-1.4710472000975185,-0.4589745515702287
-1.459985807146747,-0.45991670542794644
-1.4489352390589345,-0.46210508929133587
-1.4378981742186432,-0.47339578278279854
-1.4268583266846557,-0.4761415236814701
-1.415830847437969,-0.4738252876899894
-1.4048183925536744,-0.47430309631867934
-1.3938235963047445,-0.48590517923126914
-1.3828251074297273,-0.49324624471100936
-1.3718431100970194,-0.4930883868602142
-1.3608802096099324,-0.49376144972258007
-1.3499389838662557,-0.5042611024922852
-1.3389931564124227,-0.5054213973550519
-1.3280677968548917,-0.5012116603875257
-1.3171654480957107,-0.500626917200677
-1.306288620466037,-0.5128827885694002
-1.2954062545917104,-0.5199908834547126
-1.2845481568320882,-0.5191277386028877
-1.2737167972592116,-0.5195094195590633
-1.26291460871134,-0.5306118906898558
-1.2521058916512728,-0.5326914332682864
-1.241325041430273,-0.5299231651170112
-1.2305744462232682,-0.5317828350864706
-1.2198564528583904,-0.5478989596216184
-1.2091308631114852,-0.555773478975017
-1.1984365163921888,-0.5546511281905951
-1.1877757113823326,-0.5541609381219502
-1.1771507018835319,-0.5650113182661773
-1.1665169293502597,-0.5658353008389585
-1.1559175370400678,-0.5609887058951102
-1.1453547280741787,-0.5611810787855429
-1.1348306577521126,-0.57713908287722
-1.124296540621203,-0.5842349774177552
-1.1137996901397695,-0.5817787968994816
-1.1033422093367469,-0.5804964478768598
-1.0929261510659078,-0.5912709835461223
-1.08249873266928,-0.5948548227888615
-1.072111208640655,-0.5920869085096723
-1.0617655788237956,-0.59385191239215
-1.051463791105587,-0.6111179191840941
-1.0411494521001505,-0.6190682928556237
-1.0308773713811685,-0.6168389533414369
-1.0206494437978002,-0.6153963422992679
-1.0104675110075676,-0.6264425393666189
-1.0002717172452853,-0.6316790649212219
-0.9901202823538828,-0.6283214812652687
-0.9800149957056673,-0.6280730608536361
-0.9699575927545429,-0.6427540829435038
-0.959885012686355,-0.6497839576200086
-0.949858631858904,-0.6460571091609164
-0.9398801348254714,-0.6433927070296462
-0.9299511519583814,-0.6536754638785617
-0.9200056611573817,-0.6610117492890899
-0.9101079559739501,-0.659045932930325
-0.9002596178115254,-0.6596631491610591
-0.8904621740455948,-0.6748504186922125
-0.8806468650619037,-0.6830584490303537
-0.8708806830270573,-0.6802856516682979
-0.8611651087390354,-0.6785183619448012
-0.851501569484967,-0.6900229457993352
-0.8418187961626952,-0.6988130615489749
-0.8321862570482702,-0.6966961377896154
-0.8226053356025128,-0.6959384215440781
-0.8130773626047927,-0.7090127491008925
-0.8035288018277391,-0.7159278021584695
-0.7940313608469092,-0.7112705474166439
-0.7845863296269973,-0.7075136496122334
-0.7751949465426641,-0.7170708466080946
-0.7657816285399077,-0.7270021962230422
-0.7564201080050204,-0.7256279074026517
-0.7471115856927356,-0.7253615313958587
-0.7378572120729088,-0.7386361259801346
-0.7285796014070315,-0.7466132754736616
-0.7193542721704039,-0.7435155131930322
-0.7101823405029817,-0.7417756470270066
-0.7010648737344001,-0.7539603081978752
-0.6919229017561668,-0.764357166970105
-0.6828335162898473,-0.7626507873295121
-0.6737977536615282,-0.76140808054006
-0.6648166029900964,-0.7732936278091953
-0.6558097013339822,-0.7797630939155519
-0.6468555275664022,-0.7751096762718074
-0.6379550431140852,-0.7719973154712618
-0.6291091638913031,-0.7829408911087996
-0.6202363165385556,-0.7924330889947597
-0.6114161897931945,-0.7902144979958998
-0.6026496751249023,-0.7888003977475481
-0.5939376202447874,-0.8006122697910221
-0.5851974419540615,-0.8076880407497481
-0.5765098427054058,-0.8044853186526122
-0.5678756489018033,-0.8034249259004714
-0.5592956449731687,-0.8168458320962344
-0.5506864013970768,-0.8269416488568352
-0.5421294751937377,-0.8249709761657122
-0.533625632488551,-0.8232737934209486
-0.525175599227136,-0.8342868117538087
-0.5166952878410885,-0.8402779177952641
-0.5082669251651449,-0.8358648227287594
-0.49989122167948763,-0.8334837577824896
-0.4915688494663742,-0.8453004813453077
-0.4832152264667237,-0.8538296239069211
-0.4749130890716031,-0.8508729042535966
-0.46666309656172994,-0.8485965541431433
-0.4584658715744032,-0.8589490466215942
-0.45023647445656845,-0.8651309730970096
-0.4420580173495541,-0.8619898371458049
-0.433931112572352,-0.86147406235065
-0.4258563375147386,-0.8752359463515789
-0.4177485139184873,-0.8843999305477435
-0.40969101346437964,-0.8821442282536125
-0.4016844055231061,-0.8801213200466652
-0.39372922619986866,-0.8901448373309987
-0.3857402023113005,-0.8963046624646968
-0.37780082335194026,-0.8924706413638713
-0.36991161951515156,-0.8904567448772899
-0.36207308933498683,-0.901680955148644
-0.3541999678331418,-0.9092800823934307
-0.34637576117668695,-0.905998601944872
-0.33860096391257216,-0.9032543244510717
-0.33087604047161356,-0.9121245834847393
-0.3231158615231671,-0.9189701001884439
-0.31540382369175085,-0.9162435623391719
-0.3077403891623033,-0.9150228105538765
-0.3001259914806988,-0.9260690367689528
-0.29247574766660556,-0.9340833997259995
-0.2848728351339632,-0.931777434561967
-0.2773176867498658,-0.9299118691605263
-0.2698107081515346,-0.9390510322069432
-0.262267350008921,-0.9463268506309985
-0.254770484173208,-0.943697326454754
-0.2473205170072533,-0.9417268862234125
-0.23991782898458683,-0.9506443028709244
-0.232478271631472,-0.9572237402044654
-0.225084344866873,-0.9539705042654367
-0.2177364311430614,-0.9511132144496751
-0.21043488829495666,-0.958462589616004
-0.2030960589074869,-0.9653115173174849
-0.19580198098833884,-0.9630384905467498
-0.18855301545829178,-0.9614543071172402
-0.181349499825468,-0.9700053962876463
-0.17410832840968288,-0.9769648162577305
-0.16691101693903942,-0.9749696958331421
-0.15975790698256725,-0.9734663623335397
-0.1526493178356377,-0.9815553500326566
-0.1455027725238794,-0.9883045024899622
-0.1383991873741243,-0.9861373780275458
-0.13133888659277984,-0.9841544074861054
-0.1243221731882243,-0.9910931492005579
-0.11726726949874565,-0.99660083442169
-0.11025442155864422,-0.9936818804460634
-0.10328393802301372,-0.9910738542894868
-0.09635610736379406,-0.9970449604582603
-0.08938990211711803,-1.0030596511399295
-0.08246484690323624,-1.0010936335671554
-0.07558123647383619,-0.999415086659444
-0.06873934635423025,-1.0058760367444721
-0.0618589318787664,-1.0113983267170954
-0.0550187634533522,-1.0095474048657815
-0.04821912342441142,-1.0081752739107979
-0.041460275813334,-1.0147229045617239
-0.034662809039115505,-1.0203243670107691
-0.02790468843615847,-1.018536777617503
-0.021186185302720817,-1.016801099035916
-0.014507553460915392,-1.0221506329926204
-0.007790248456768186,-1.0265428650701158
-0.0011113960050523747,-1.0242194735723917
0.005528742415298581,-1.0222136940687732
0.012129922002195119,-1.0270790580732252
0.018769777537684124,-1.0315582493782176
0.025372066187445245,-1.0296887883578698
0.031936535182107796,-1.0280242033934042
0.038462947676470724,-1.032664761768332
0.0450279860273681,-1.036686482943572
0.051556333834311595,-1.035065196531019
0.058047746037057424,-1.0339010186480972
0.06450199279056547,-1.0388446364616
0.07099477794785315,-1.043057597690163
0.07745173830107797,-1.0416362520969389
0.08387263559698133,-1.040231502703374
0.09025724612955682,-1.0440751074622572
0.09668028445902417,-1.0472814944683029
0.10306835194079342,-1.0455066315216361
0.10942121631468808,-1.0439821520791552
0.11573865923835895,-1.0474615720916969
0.12209437849418794,-1.0505024447432683
0.12841596831401822,-1.0489235869961038
0.1347032016992062,-1.0474786019381217
0.1409558649754817,-1.0504538645916006
0.14724662450685203,-1.0531258624034296
0.15350408276890887,-1.051815934467077
0.1597280173666771,-1.0508104806920453
0.16591821866973233,-1.053941897087435
0.1721462970717577,-1.0566097786816888
0.17834188871003637,-1.055487227217741
0.18450477520349548,-1.0544066688638638
0.19063475040710823,-1.0567665315201458
0.19680234553062215,-1.058849799516718
0.20293825445201713,-1.0576177774323585
0.2090422622761373,-1.0564689168011259
0.21511416584450604,-1.0583471866681564
0.22122340840410148,-1.0600211471716732
0.2273017510789616,-1.0588325824848157
0.23334898198649276,-1.057725466886064
0.23936490050860162,-1.0591859936875396
0.2454178634315518,-1.060614842796754
0.25144069826446336,-1.0596516904743805
0.25743319571243567,-1.05878273348971
0.2633951572983052,-1.060050718082151
0.2693938369381777,-1.0612260541654448
0.27536314577084003,-1.0604226367297036
0.28130287670996595,-1.0596831934849993
0.2872128330638204,-1.0606182872745442
0.2931591637873955,-1.0613797150681925
0.29907686643015946,-1.0605441626192418
0.3049657357752358,-1.0597221736518792
0.3108255765992208,-1.0600933362804734
0.3167214164592571,-1.0604260666997098
0.3225893565801403,-1.059629925005943
0.32842919331297876,-1.0588845009765895
0.3342407326216772,-1.0589347848121595
0.34008787251164424,-1.0589734610044386
0.34590782676949583,-1.0583203792872464
0.3517003930461411,-1.0577205248660984
0.3574653782436261,-1.0574903844446784
0.3632655555321175,-1.0572550746015539
0.36903924714766073,-1.0567572332841053
0.3747862518015607,-1.056313347027575
0.3805063771123649,-1.0558262453593614
0.386261232092974,-1.055104836719296
0.3919902877446431,-1.0545252260324405
0.39769334363023345,-1.053990242902029
0.4033702078922845,-1.0529900618579568
0.40908137926318555,-1.0519786393095845
0.41476742375971515,-1.0515182120932525
0.4204281416055726,-1.0510989578261203
0.42606334129211826,-1.0498010302875878
0.43173244993029336,-1.0485000827584696
0.43737709020582044,-1.0481589305872288
0.44299706283000223,-1.0478577287104474
0.44859217648448857,-1.0462641763308187
0.4542207461671187,-1.044643401130414
0.4598254927295043,-1.0443729206551262
0.4654062172211312,-1.0441204318541668
0.4709627283779912,-1.042156787044556
0.4765522003939904,-1.0401303316276875
0.4821184818189169,-1.0398686222603706
0.4876613739116242,-1.0396425111211607
0.4931806853460363,-1.0373298747834099
0.4987324325840519,-1.03493202587529
0.5042616094968098,-1.0347187001694014
0.5097680174413277,-1.0345677703215514
0.5152514649297488,-1.031966757917992
0.5207668054570694,-1.02934455941875
0.526260184016456,-1.029278171646403
0.5317314019667032,-1.0292551129418257
0.5371802675724827,-1.0263677582433015
0.5426604777181498,-1.0233520579217719
0.5481193226156928,-1.023307251737931
0.5535566035414705,-1.0233257066867947
0.5589721284384919,-1.0201121205852703
0.5644184553929614,-1.0167603306534403
0.5698440023796444,-1.0167225642802646
0.575248570517931,-1.0167035277049414
0.5806319673640786,-1.013043136364046
0.5860456413070007,-1.0091145257669445
0.5914391092588372,-1.009024483438606
0.596812172114786,-1.0091128752430907
0.6021646369860805,-1.0053442783813062
0.6075468827531579,-1.0013927720716729
0.6129094852862941,-1.0015373666740484
0.6182522451943181,-1.001742676161761
0.6235749690897989,-0.9975972314109898
0.6289269643900723,-0.9932159482381065
0.6342598684089036,-0.9933919470150514
0.6395734814154158,-0.99371374209759
0.6448676094781275,-0.9893897670441126
0.6501904105419827,-0.9847190397353967
0.6554946624016488,-0.9848452577506773
0.6607801649498087,-0.9849768883499429
0.6660467236812917,-0.9799824093518494
0.6713413947535724,-0.9746749423388066
0.6766180488333223,-0.9747268524569782
0.6818764854016539,-0.9750066096876976
0.6871165093514088,-0.9700255549264758
0.6923840693125226,-0.9647244275799605
0.6976341350239837,-0.9650001001188123
0.7028665055272402,-0.9653639269454326
0.7080809850914176,-0.9599745268780409
0.7133224171916437,-0.9544036186940859
0.7185468686486702,-0.954829189451797
0.7237541380416931,-0.9554098735463912
0.7289440289994984,-0.9499397790563706
0.7341602928457098,-0.9439921657156496
0.7393600807789893,-0.944272778671331
0.7445431908974237,-0.9445757097344291
0.7497094261762315,-0.9383697463416363
0.7549014557016788,-0.9318505482893332
0.7600775054497111,-0.9320758417032854
0.7652373730220479,-0.9325144579872728
0.770380860730384,-0.92630685581233
0.7755495556757197,-0.9196506420772389
0.780702758721662,-0.9199752630245459
0.7858402669625958,-0.9204211575408648
0.7909618820406887,-0.9138032214719936
0.7961081183502994,-0.907215879503522
0.8012393426565454,-0.9079459319362906
0.8063553515383357,-0.9088082712022884
0.8114559459648482,-0.9022683593768163
0.8165805601848906,-0.8950772435083659
0.8216906346817627,-0.8955045577801151
0.8267859655152171,-0.8960157448589745
0.8318663529821197,-0.888778650831451
0.8369701535073742,-0.8810659089292506
0.8420598792702879,-0.8813945588737477
0.847135325810752,-0.8819324172177528
0.852196292756704,-0.874554853434875
0.8572800712683528,-0.8664713405286842
0.8623502328932675,-0.8668132332805861
0.8674065726522154,-0.8674558397942286
0.8724488895088177,-0.8599778856229514
0.8775134221160336,-0.8522862302602118
0.8825647888598224,-0.8531824809242397
0.8876027842437154,-0.8542453894683447
0.8926272065725728,-0.8467354178140736
0.8976732389033842,-0.838208943288879
0.9027065498527095,-0.838710285202426
0.9077269334115764,-0.8394998821665559
0.9127341872342465,-0.8315576526465405
0.9177624512840886,-0.8228311448542723
0.9227784321160546,-0.8233274864161407
0.9277819232141157,-0.8240266516542393
0.9327727215906291,-0.8156905344787493
0.9377839162239665,-0.8060700368863024
0.9427832598017084,-0.806343793277572
0.9477705453092543,-0.8072737230067991
0.9527455691285682,-0.7993528819045619
0.9577403697216161,-0.7905621451390551
0.9627237456830079,-0.7915123312281339
0.9676954895098865,-0.7926965002795815
0.9726553969669747,-0.7843310922597688
0.9776344664178748,-0.7743871432665991
0.9826025321331106,-0.7750002891262641
0.9875593861323079,-0.7763869075711818
0.9925048235763765,-0.7684661703501762
0.9974688182401293,-0.7588977014420345
1.0024222247237313,-0.7595421329924067
1.0073648345796617,-0.7603186700106157
1.012296442377946,-0.7510952406972649
1.0172459918460897,-0.7398804703325856
1.0221853636230915,-0.7399541070876029
1.0271143488068006,-0.7411838011255397
1.032032741391262,-0.7331900571176195
1.036968468901154,-0.7233709823230448
1.041894424328113,-0.7242387407420655
1.0468103983274495,-0.7254140590244649
1.051716184331587,-0.7163082700888015
1.0566386866363158,-0.7057081144811524
1.0615518178500727,-0.7065980197660809
1.0664553681998488,-0.7083891998568339
1.0713491305727736,-0.7002655419535442
1.0762589839565102,-0.6899347777708326
1.0811598628578645,-0.6905611497311092
1.0860515570911262,-0.6913287249757157
1.0909338590157205,-0.681363865490523
1.0958316299691546,-0.6698368894271743
1.1007208188551887,-0.6701942292716949
1.1056012150910826,-0.6715622285836301
1.110472610526092,-0.6629399314794021
1.115358864684989,-0.6521670760582524
1.120236925158502,-0.6527779547373043
1.1251065809814413,-0.6537716742806873
1.129967623509247,-0.6440187936209667
1.134842906406196,-0.6335868339122265
1.1397103801930446,-0.6350017883922877
1.1445698335381436,-0.6371342779951434
1.1494210573207604,-0.6287059829594561
1.1542859102914884,-0.6177735286303775
1.1591433350919498,-0.6183296055327158
1.163993120039413,-0.6190958464350127
1.1688350555539129,-0.608765950075058
1.1736900010822193,-0.5974560658320249
1.1785378959597341,-0.598148931063841
1.183378528169348,-0.5995383796833099
1.188211687690019,-0.5903349538644973
1.1930572302997515,-0.5786425395425714
1.1978960965628653,-0.5787915693434309
1.2027280741458477,-0.5794925785894305
1.207552952605899,-0.5694204107302662
1.2123895892728014,-0.5595443491682195
1.2172199208533747,-0.5614417493353997
1.2220437347156268,-0.5637874233587713
1.2268608200141884,-0.5551885096518407
1.2316890499738427,-0.5435324414117961
1.236511343210918,-0.5439272723829836
1.241327486811561,-0.5449802391928322
1.2461372695456467,-0.5353712666418042
1.2509575790215568,-0.5242703946559696
1.255772317428848,-0.5250549453209187
1.2605812715891702,-0.5264048324108979
1.2653842299061129,-0.5171438991231083
1.2701971011073925,-0.5044099965784444
1.2750047643472409,-0.504191004474991
1.2798070061997797,-0.505311079431831
1.2846036147203155,-0.49665076431476884
1.2894095173068358,-0.4864747142230687
1.294210572672514,-0.4879723811778719
1.2990065671617022,-0.4900239588397506
1.3037972885001323,-0.481555430746582
1.3085966771904465,-0.4690471119899864
1.3133915772131333,-0.46920167150201164
1.3181817747017008,-0.4709451984899516
1.3229670570721026,-0.46329109866922874
1.3277603818521149,-0.4525504613366649
1.3325495744857787,-0.45326427568444316
1.3373344209145497,-0.45444565707226714
1.3421147082641942,-0.4455518512755663
1.3469024238801124,-0.43168429440634315
1.3516863619797201,-0.4308242832089276
1.3564663083298478,-0.43242875500798916
1.3612420497842503,-0.42605854635446494
1.3660246015189614,-0.41579448912988465
1.370803728641489,-0.41660864862617375
1.3755792167620602,-0.4180620420532989
1.3803508524811146,-0.40986948381249144
1.3851286843166075,-0.3967758472624227
1.3899034428695378,-0.3967129755869662
1.3946749136111054,-0.3993951515688204
1.3994428829066223,-0.3946242614474962
1.4042164285383791,-0.3843631631622552
1.4089872508046526,-0.38467054150623925
1.4137551350560082,-0.38534883790806146
1.4185198674415689,-0.37690332261852727
1.4232895500208744,-0.3638303295311024
1.428056857896412,-0.362870226284873
1.432821576317419,-0.3645276178886784
1.4375834912366177,-0.3595046575357037
1.4423497334352091,-0.34938740937036594
1.4471139484804525,-0.3492539103560767
1.4518759215391792,-0.3498068763746698
1.4566354383870532,-0.3420187309106783
1.4613986694332066,-0.3312775294474469
1.4661602199058306,-0.3316218738309001
1.4709198749069845,-0.33402382010623416
1.4756774200532807,-0.3297095864449655
1.480438060653326,-0.3200930695661277
1.485197366442399,-0.3197157420644319
1.4899551224762304,-0.3198042836622384
1.4947111142311311,-0.31210399364481856
1.4994695871827206,-0.3020277030477341
1.5042270704138458,-0.3018271778339045
1.5089833489517805,-0.30324753026637175
1.5137382081506592,-0.29845918448789827
1.5184949261010579,-0.2887312328191385
1.5232509988991558,-0.28752055436921875
1.5280062115627884,-0.28699776153804296
1.5327603493431237,-0.2796581598653345
1.5375157208839456,-0.27180078795117857
1.542270791461751,-0.2726220933051135
1.5470253461043324,-0.27461728347118675
1.5517791699794257,-0.2706138024377004
1.556533609630877,-0.2618029243931447
1.5612880922720163,-0.2607750346810595
1.5660424029590683,-0.2603576537115197
1.5707963267948966,-0.2538964746481712
1.575550218297538,-0.2470278380288296
1.580304496643509,-0.24742403765963328
1.5850589469400576,-0.24843076669984804
1.589813354247796,-0.2439126368332071
1.5945671274877071,-0.23458996144134703
1.5993216314730752,-0.2325759977158223
1.6040766513785,-0.2317353623756881
1.608831972238646,-0.22627869532211398
1.6135860902692407,-0.22032640685514068
1.6183412831665873,-0.22085567829720423
1.6230973361845278,-0.2220773251214752
1.6278540343435763,-0.21854983935340863
1.6326089265912005,-0.2100936003820962
1.6373652381928745,-0.20869915978154466
1.6421227544982513,-0.20892537740403375
1.6468812605301169,-0.20578962036761142
1.6516373326600648,-0.2002686845133054
1.6563951691301046,-0.20018332748636558
1.6611545554056655,-0.20055066501058771
1.6659152765315701,-0.19694876128150396
1.6706729203769024,-0.18802388703988676
1.675432674173495,-0.18558357520268337
1.6801943235246184,-0.1852065045156076
1.6849576535189466,-0.18277667700727535
1.689717257054373,-0.17742044704110013
1.694479316905164,-0.17686961575789442
1.6992436188352893,-0.1770076070113969
1.7040099479998392,-0.17404910912148563
1.708771905343719,-0.16599070159135176
1.713536666257054,-0.16435856359236867
1.7183040166868673,-0.1653676105755895
1.723073741876669,-0.16550156775527677
1.7278384633052366,-0.16097925214078468
1.7326063366014746,-0.1603172778431991
1.7373771479160116,-0.15999894521195987
1.7421506826009217,-0.15729015997549672
1.7469186045601766,-0.14904277772688287
1.751690027908523,-0.14630057630810503
1.7564647390176686,-0.14632922797319842
1.761242523365239,-0.14656929044134298
1.766014118467503,-0.14191382234400512
1.7707895659153798,-0.14046256584993555
1.7755686523147869,-0.13965622115920454
1.7803511632814593,-0.13718691387529966
1.785126903145263,-0.1308466549398763
1.7899068479119646,-0.12929810472224484
1.794690784435557,-0.13023309610105233
1.7994784984831063,-0.13155565312891782
1.8042587859706836,-0.12786050894077214
1.8090436325476507,-0.1266982781171114
1.813832825339783,-0.12597327016083326
1.8186261502885408,-0.12414984583596607
1.823411432809743,-0.11921295998928047
1.8282016304594304,-0.11740591107949551
1.8329965306535647,-0.11719258917448683
1.8377959195256606,-0.11724739646839315
1.8425866410277363,-0.11328488101538933
1.8473826356909493,-0.11121074698899511
1.8521836912410405,-0.10969962985652851
1.8569895940223686,-0.10760503626537458
1.8617862027196648,-0.10403059314286156
1.8665884447594074,-0.10294515522654352
1.8713961081969133,-0.10320147598384755
1.8762089796063108,-0.10385156398110278
1.8810119381136916,-0.10103554243098262
1.8858208924749662,-0.09972786768493533
1.890635631093734,-0.09898113911288595
1.8954559407916525,-0.09814370575370118
1.9002657237297653,-0.09573408919765193
1.9050818675450243,-0.09462643591482282
1.9099041610073146,-0.0941691481783249
1.9147323912027914,-0.09394089421771865
1.9195494767195558,-0.09069337281284753
1.9243732908106799,-0.08832607550821434
1.9292036226308051,-0.08641799357892559
1.9340402595479484,-0.08464796093635168
1.9388651382403022,-0.08308972514257526
1.9436971160663405,-0.08241472790007456
1.948535982583276,-0.0823020393503136
1.9533815254576044,-0.08257115915063673
1.9582146852247329,-0.08038004566866924
1.963055317691647,-0.0790624460247575
1.9679032128373173,-0.07843811980082113
1.9727581586446443,-0.07853011202512175
1.9776000944201082,-0.07751393468344019
1.982449879639473,-0.07668864013694901
1.9873073047227865,-0.07607703545564884
1.992172157987327,-0.07586365355346802
1.9970233820460659,-0.07315180370395366
2.0018828356783254,-0.07098052066926153
2.006750309763387,-0.06953460363853088
2.011625592969612,-0.069049215507117
2.016486635788823,-0.06791369695776502
2.0213562919143127,-0.06693562114968923
2.026234352701535,-0.06634982935370959
2.031120607185312,-0.06647075830915015
2.0359920029275793,-0.06445580933427962
2.0408723994819895,-0.06313686592753265
2.045761588697812,-0.06282817776232484
2.0506593599923177,-0.06393297215036897
2.0555416622401497,-0.06344399424714052
2.060433356808024,-0.06267490699116687
2.0653342360553824,-0.06202900252450381
2.070244089796525,-0.062073960573752925
2.0751378525087825,-0.05988181003505488
2.0800414032093895,-0.058034047304861724
2.0849545347854916,-0.05709817569424025
2.0898770374640914,-0.057642829553093224
2.0947828238240747,-0.05672066097428683
2.099698798190884,-0.05554689719354419
2.10462475399696,-0.054690347752270135
2.1095604818976246,-0.054748077576902796
2.11447887485517,-0.052987989482354905
2.119407860423727,-0.05181066467372758
2.124347232597357,-0.05181320727986503
2.1292967824739226,-0.053591194938634956
2.1342283906629946,-0.05332989896520608
2.13917100092162,-0.05257157002847983
2.1441244078198407,-0.05191176871026875
2.149088402910149,-0.05214521548015566
2.154033840763167,-0.050678154531814505
2.158990695183371,-0.04921563830482799
2.1639587613316866,-0.0485520852805188
2.1689378312277547,-0.04944003184998459
2.173897739112407,-0.04875557094419481
2.1788694833790627,-0.04756130772678359
2.183852859792462,-0.046609921611353695
2.1888476608497633,-0.04664070986214147
2.193822685115443,-0.04582651506449113
2.19880997108173,-0.04493206597924202
2.2038093151306057,-0.04469646740229469
2.2088205102474854,-0.04586059439661827
2.2138113090896647,-0.045729192139576845
2.218814800665936,-0.045047795353896414
2.2238307819886747,-0.04455765232341766
2.2288590465418663,-0.04505799075459208
2.233866300850317,-0.04475593173946243
2.2388866849076865,-0.043939538388264476
2.243919996368254,-0.04340811494223342
2.248966029223063,-0.043961430695077984
2.253990452058635,-0.04351369544452503
2.2590284479621503,-0.042438995637782126
2.264079815238488,-0.041537003510032984
2.2691443483911935,-0.041576451250708836
2.2741866657758143,-0.04141205224291411
2.2792430060758804,-0.04078087519301398
2.2843131682550326,-0.040451482826073165
2.2893969473340534,-0.041188585130290584
2.2944579148301676,-0.04122783547723707
2.299533361934096,-0.040713031190395044
2.3046230882737953,-0.040408882996658
2.309726889389171,-0.04108623415415004
2.3148072774286836,-0.04124093925209898
2.319902608848257,-0.040707362843209895
2.3250126839447773,-0.04025647924756498
2.3301372987780122,-0.04066381107251843
2.335237893800205,-0.04043247577956696
2.3403539032914007,-0.03956118173089898
2.345485128220797,-0.038825455391503796
2.3506313651673176,-0.03895951383658881
2.355752980865115,-0.03912389698328964
2.360890489739704,-0.03867884432461963
2.3660436934332707,-0.038358583397416796
2.371212389040216,-0.03888403138167934
2.3763558773933977,-0.038972066782911284
2.381515745624767,-0.03855146134524405
2.3866917960460383,-0.03834314852283821
2.391883826258945,-0.039056778268662384
2.3970500622081707,-0.03944250487046626
2.402233173011453,-0.03913944368972323
2.407432961644029,-0.038857260881325045
2.412649226204,-0.0393009078195055
2.41783911785897,-0.03926863187810557
2.4230463879638413,-0.038684810968821835
2.4282708401474196,-0.03825442982530556
2.4335122729889136,-0.03864258873919234
2.4387267532774963,-0.03885352638097976
2.443959124520103,-0.03848883747651386
2.449209190985878,-0.0382136172891433
2.4544767517162818,-0.038668382801077275
2.4597167764185115,-0.03880703867204896
2.4649752137545327,-0.03853200313135179
2.4702518686172046,-0.03848388181215306
2.4755465404876524,-0.03927789096812155
2.4808131000008538,-0.039755794729459504
2.486098603346228,-0.039621809736191164
2.4914028560186203,-0.03949103530014485
2.4967256579107264,-0.03997351509102298
2.5020197886854025,-0.040106652756173616
2.50733340443386,-0.03977650463478718
2.512666311224425,-0.03959325811541261
2.518018309326015,-0.04012508549254298
2.523341079452325,-0.040425245894804125
2.528683885954119,-0.04021998506217833
2.5340465354390487,-0.040077394258041285
2.539428828510814,-0.04053020415067567
2.54478134773602,-0.04080172538291644
2.5501544653828234,-0.040723422483111386
2.5555479885567403,-0.04082812022153214
2.5609617181469924,-0.04161654811017472
2.566345129019289,-0.04212464744109467
2.5717497113112824,-0.04214390280324985
2.577175272577911,-0.04217489053875897
2.5826216139371745,-0.0426985494209261
2.5880370924616964,-0.043075016936770974
2.5934743266533022,-0.043037747939304614
2.5989331244601113,-0.04306769098642633
2.6044132871638186,-0.04360521445385317
2.609862055231281,-0.04401774520060968
2.6153331748448587,-0.04403608907784817
2.620826454279645,-0.04410059773775701
2.626341694905353,-0.04460574848274938
2.631825029746524,-0.045097071453147494
2.637331324094507,-0.04525779306624187
2.6428603864732954,-0.045482380624230184
2.6484120182523485,-0.04612613155090638
2.6539312367225953,-0.046681945247717634
2.6594740350464847,-0.046915900005229355
2.6650402219075846,-0.047183296494880136
2.6706295985748936,-0.047798561150502586
2.6761860706387184,-0.048342485859431135
2.681766755687469,-0.048588710520968664
2.687371462461102,-0.04885166553529842
2.692999992013287,-0.04940140162903706
2.6985951279832636,-0.04992791217298074
2.704215123117488,-0.0502263417171781
2.7098597860952447,-0.0505667385261771
2.715528917625345,-0.051160238625174013
2.7211641764449945,-0.05175317358459197
2.7268249539616547,-0.05217815063392441
2.732511058660612,-0.05264630837326319
2.7382222907591443,-0.05331320943254575
2.7438991932267283,-0.05397105901240455
2.7496022876731856,-0.0545194517034245
2.755331382237171,-0.05511395542271269
2.761086276477428,-0.05585251427195216
2.766806363001625,-0.056326555658607703
2.772553328499553,-0.05675835561014338
2.7783269805936572,-0.05724585870397221
2.7841271179993834,-0.057826966265740715
2.7898920416645425,-0.058404661216595107
2.795684545810521,-0.058999602504449536
2.801504437345496,-0.05964969582279337
2.8073515139269074,-0.06031825777138493
2.813163028347195,-0.060977711727140664
2.8190028399416116,-0.061726747475647735
2.8248707546764793,-0.062528680768986
2.8307665689054926,-0.06326608629394563
2.8366264493029894,-0.06396732759336525
2.8425153586134666,-0.06479944732765229
2.848433101609504,-0.06564501460450037
2.854379473069939,-0.06630886809993033
2.8602895282962293,-0.06678817507403773
2.866229359113504,-0.0675242059608097
2.8721987688201467,-0.06832179427584426
2.87819755031925,-0.06890506680045899
2.8841596353655525,-0.06939099464040495
2.890152257555368,-0.07024740773759935
2.8961752183992613,-0.07119841510565086
2.9022283085891583,-0.07187498816517456
2.9082443375899114,-0.07252324003193573
2.9142916801455376,-0.07362312725698149
2.9203701356270093,-0.07480561174017693
2.9264794921399635,-0.07559340670433243
2.932551451876423,-0.07617906249130253
2.9386555164779096,-0.07732826601308376
2.9447914827804524,-0.07856372233018159
2.950959135882964,-0.07930204144684586
2.957089099794969,-0.07976407541816462
2.9632519748826445,-0.08084988093953889
2.9694475550022346,-0.08197608976545148
2.9756756217740254,-0.08247065046552778
2.9818657644895175,-0.08249974980791122
2.9880896398604864,-0.08350501749495902
2.994347038262553,-0.08481430776714524
3.000637737307274,-0.08564367620488839
3.0068903497003068,-0.08616584531167869
3.0131775316375946,-0.0876033060312511
3.019499069450145,-0.08917219124673487
3.0258547361450283,-0.08996244923181043
3.0321721787327616,-0.09031311266405273
3.0385250427701123,-0.09182127844356772
3.044913109914819,-0.0935768913220678
3.051336147906795,-0.09453148174333165
3.0577207604162444,-0.09486707278060154
3.064141659714232,-0.09627666572787086
3.0705986220945842,-0.0977118285969302
3.077091409303859,-0.09803995386629494
3.083545658106432,-0.09765160132573178
3.090037072383825,-0.09884653834853775
3.096565422290808,-0.10049219554540206
3.1031304627669285,-0.10133661686844728
3.1096568773844533,-0.10155531985993338
3.1162213485282013,-0.10322440961906822
3.1228236393527564,-0.10509193260083387
3.129463497088511,-0.10578048087597072
3.1360646788749142,-0.10606892265722617
