-3.122914562326984,-0.05713899601216776
-3.1042103147038818,-0.058503691022726886
-3.08549296141303,-0.060276037825278746
-3.066775608122178,-0.06245483953715491
-3.048071360499076,-0.06503890395656908
-3.029393269236267,-0.06713329754853092
-3.010714857280311,-0.0676107075529336
-2.992010287613612,-0.06960577245395391
-2.9732926116015728,-0.07222190162800285
-2.954574935589533,-0.07545626770945524
-2.9358703659228342,-0.07930606046861297
-2.9171919539668782,-0.08116142496349635
-2.8985139144616454,-0.08005664273082308
-2.8798097188140677,-0.08253229911662582
-2.861092417608097,-0.08597815624058756
-2.8423751164021267,-0.09039105174452577
-2.823670920754549,-0.09576783699890237
-2.804992881249316,-0.09746186692142239
-2.7863147340900496,-0.09403408331978844
-2.7676104303351114,-0.0967166871845703
-2.7488930207943225,-0.100865204254995
-2.730175611253533,-0.10647867122204926
-2.7114713074985954,-0.11355612562057224
-2.692793160339329,-0.11533258003976767
-2.674115014753747,-0.10899950298831423
-2.6554107125791204,-0.11152793328530991
-2.636693304621968,-0.1161572429855436
-2.6179758966648152,-0.12289083727550966
-2.599271594490189,-0.13173212870469117
-2.580593448904607,-0.13409453993562032
-2.5619153188969466,-0.12463009636088432
-2.5432110323658397,-0.12664143479635454
-2.5244936400851206,-0.13154366825392355
-2.505776247804402,-0.13934191908849392
-2.487071961273295,-0.15004132176380253
-2.4683938312656344,-0.15393508871240777
-2.4497156832860054,-0.1413905231251429
-2.4310113787072503,-0.14237780931418192
-2.412293968340911,-0.1471890309884238
-2.393576557974572,-0.15582821166937297
-2.3748722533958166,-0.16829938052521345
-2.356194105416188,-0.17488031083593547
-2.337515957436453,-0.15985343227544743
-2.3188116528575917,-0.15940281105880166
-2.300094242491146,-0.1638042791182126
-2.2813768321247,-0.1730599311357042
-2.2626725275458384,-0.18717186299919333
-2.2439943795661037,-0.19778894379114514
-2.225316249558398,-0.1812954553021933
-2.2066119630272447,-0.17904274691403194
-2.1878945707464803,-0.18267848350513394
-2.1691771784657154,-0.19220355814674223
-2.150472891934563,-0.20761886409070685
-2.1317947619268565,-0.2234966664177268
-2.1131166163415185,-0.2068186434779349
-2.0944123141671365,-0.20250501720222988
-2.0756949062102286,-0.2051310019452276
-2.056977498253321,-0.21470044325256615
-2.038273196078939,-0.23121718951172393
-2.019595050493601,-0.25372166548249075
-2.0009169033342533,-0.23817988140839394
-1.9822125995792332,-0.23148177999080735
-1.9634951900383621,-0.2326718557075912
-1.944777780497491,-0.241758040128125
-1.9260734767424712,-0.2587482754589515
-1.9073953295831232,-0.2886121585060456
-1.888717194996772,-0.275938424505826
-1.8700129038676938,-0.26694105250905553
-1.8512955069793293,-0.26659108471261506
-1.8325781100909648,-0.2748979330077888
-1.8138738189618866,-0.29187102294943146
-1.7951956843755354,-0.32957761901584604
-1.77651754712402,-0.3211321311123186
-1.7578132533185542,-0.309814456199059
-1.7390958537481713,-0.3076916112116159
-1.7203784541777885,-0.31477280011825837
-1.7016741603723227,-0.3310672391755071
-1.6829960231208072,-0.37653345357854606
-1.6643178800445488,-0.37345598083978127
-1.6456135803898124,-0.3599988953035752
-1.6268961749578519,-0.35611875167903223
-1.6081787695258913,-0.36182281538702626
-1.589474469871155,-0.3771183591993801
-1.5707963267948966,-0.43006686681770323
-1.5521182355320873,-0.4331619572446292
-1.533413987908985,-0.41783350862068425
-1.5146966346181334,-0.4121430399418192
-1.4959792813272816,-0.41609787404535686
-1.4772750337041793,-0.429705341188923
-1.45859694244137,-0.4887867737447139
-1.4399185304854143,-0.49870542448780975
-1.4212139608187158,-0.48215989325197645
-1.402496284806676,-0.47496798814430885
-1.3837786087946362,-0.4771335246611036
-1.3650740391279377,-0.488660320374144
-1.346395627171982,-0.5521806300729972
-1.3277175876667489,-0.5689135320192498
-1.3090133920191713,-0.5517777030693141
-1.2902960908132006,-0.5434040670658011
-1.2715787896072301,-0.5437951136532782
-1.2528745939596526,-0.5529533334195909
-1.2341965544544196,-0.6188801870633277
-1.215518407295153,-0.6415728698353559
-1.1968141035402151,-0.624330644622439
-1.178096693999426,-0.6151560670987781
-1.1593792844586368,-0.6140527258986921
-1.1406749807036987,-0.6210242117851972
-1.1219968335444324,-0.6875866933115038
-1.1033186879588506,-0.7151823713601466
-1.0846143857842239,-0.6983884071644958
-1.0658969778270715,-0.6887221482994055
-1.0471795698699187,-0.6861883709432806
-1.0284752676952922,-0.6907918555427472
-1.0097971221097104,-0.7554827184331931
-0.99111899210205,-0.786583287182423
-0.9724147055709431,-0.7708307663835966
-0.9536973132902243,-0.7611749677789826
-0.9349799210095056,-0.7576203758889644
-0.9162756344783988,-0.7601714796331965
-0.8975975044707384,-0.8210586174395718
-0.8789193564911093,-0.853794515697499
-0.8602150519123544,-0.8393608458818579
-0.8414976415460148,-0.8299857653853173
-0.8227802311796755,-0.8256715879071056
-0.8040759266009204,-0.8264206285576529
-0.7853977786212915,-0.8816447301836645
-0.7667196306415566,-0.9142504369155665
-0.7480153260626953,-0.9014636365580097
-0.7292979156962494,-0.8926930689287011
-0.7105805053298033,-0.8879379477266628
-0.691876200750942,-0.8871974868561594
-0.6731980527712073,-0.935172573838932
-0.6545199227635012,-0.9658775020976524
-0.6358156362323484,-0.9549267434537451
-0.6170982439515837,-0.9470196212082096
-0.598380851670819,-0.9421537876667441
-0.5796765651396663,-0.940326897548935
-0.5609984351319602,-0.9799863284094323
-0.5423202895466218,-1.0072402577861994
-0.5236159873722398,-0.9982347665503727
-0.5048985794153322,-0.9914180896694053
-0.48618117145842454,-0.9867887430294181
-0.46747686928404253,-0.9843452438579553
-0.44879872369870427,-1.0151958618675172
-0.4301205765393563,-1.0376157519333082
-0.4114162727843365,-1.030444330050306
-0.3926988632434655,-1.0247909063493323
-0.3739814537025944,-1.020655039986931
-0.35527714994757464,-1.018036290290328
-0.33659900278822674,-1.0401117309496195
-0.3179208682018756,-1.0568824496557778
-0.2992165770727973,-1.0514585748935024
-0.280499180184433,-1.0470186934862968
-0.26178178329606855,-1.0435638796266724
-0.24307749216699026,-1.0410952090712549
-0.2243993575806392,-1.0547052501573924
-0.2057212203291236,-1.0653313956549915
-0.18701692652365787,-1.061473529198665
-0.1682995269532749,-1.0582244760611237
-0.1495821273828919,-1.0555855744115816
-0.13087783357742622,-1.0535581663438494
-0.11219969632591065,-1.0593185121182718
-0.0935215532496523,-1.0635473640668396
-0.07481725359491588,-1.0609901731009184
-0.056099848162955296,-1.0588227895973927
-0.03738244273099475,-1.0570461527128723
-0.018678143076258348,-1.0556612046233163
0,-1.054259545407755
0.018678091262809355,-1.0520199894760753
0.037382338885911665,-1.0504888221543431
0.05609969217676323,-1.0492574216993327
0.07481704546761479,-1.048326513831282
0.09352129309071716,-1.0476968266148954
0.11219938435352647,-1.039736326097808
0.13087779630948224,-1.030981177646506
0.14958236597618094,-1.030182365551193
0.16830004198822057,-1.0297075482656055
0.18701771800026043,-1.029557149351508
0.20572228766695902,-1.0297315931092894
0.22440069962291478,-1.0157061342151046
0.2430787391281479,-1.000389534483946
0.26178293477572545,-1.0000473201785982
0.28050023598169604,-1.000154328524824
0.2992175371876666,-1.000710567113026
0.31792173283524416,-1.0017160435337773
0.3365997723404773,-0.9820720285117426
0.35527791949974374,-0.9602137869761384
0.3739822232546817,-0.9601083047681703
0.39269963279547077,-0.9606568560729224
0.4114170423362598,-0.9618594519418084
0.4301213460911978,-0.9637161034264912
0.44879949325046425,-0.9389115982298608
0.46747763883604604,-0.9106567689053829
0.4861819410106726,-0.9106410291626116
0.5048993489678252,-0.9115479794588187
0.5236167569249778,-0.913376445596036
0.5423210590996044,-0.916125255367798
0.5609992046851862,-0.8867101479241453
0.5796773346928468,-0.8522204986103603
0.5983816212239537,-0.8521079860485974
0.6170990135046724,-0.8532862591854826
0.6358164057853914,-0.8557520685423253
0.6545206923164983,-0.8595021755384554
0.6731988223241588,-0.8262924948520896
0.6918769703037877,-0.7859106646679036
0.7105812748825427,-0.7855318632052001
0.729298685248882,-0.7869098137185333
0.7480160956152213,-0.7900391192536637
0.7667204001939761,-0.7949144049405305
0.785398548173605,-0.7589517082409434
0.80407669615334,-0.7132500195690971
0.8227810007322012,-0.7124244690894918
0.8414984110986471,-0.7138904939573978
0.860215821465093,-0.717642161517206
0.8789201260439543,-0.7236735595743734
0.8975982740236892,-0.6861639654023716
0.9162764040313952,-0.6359816880742208
0.9349806905625481,-0.6345194468255748
0.9536980828433128,-0.6359562227810506
0.9724154751240776,-0.6402858455312188
0.9911197616552303,-0.6475021621654358
1.0097978916629364,-0.6099794351174764
1.0284760372482749,-0.5564074674516227
1.0471803394226569,-0.5540286925723843
1.0658977473795643,-0.5552178133972143
1.084615155336472,-0.559969147030481
1.103319457510854,-0.568277022639001
1.1219976030961922,-0.5324992733944018
1.1406757502555402,-0.47710740966191656
1.15938005401056,-0.4735715595353279
1.1780974635514312,-0.4742504705610215
1.196814873092302,-0.4791394054212344
1.2155191768473221,-0.4882336338950956
1.23419732400667,-0.45594333192147884
1.252875458593021,-0.40072769697196453
1.2715797497220993,-0.395874634667524
1.2902971466104638,-0.3957969143329737
1.3090145434988283,-0.40049240748270026
1.3277188346279067,-0.40995898689585947
1.3463969692142577,-0.38279504369060746
1.3650751064657733,-0.329976869381453
1.383779400271239,-0.323726341077441
1.402496799841622,-0.32264324165166935
1.4212141994120049,-0.3267268370411235
1.4399184932174705,-0.3359763933218229
1.4585966304689861,-0.31505492196103346
1.4772747735452445,-0.26686134265129713
1.4959790731999807,-0.2593603506910216
1.5146964786319412,-0.25721530810475574
1.533413884063902,-0.2604258317013507
1.5521181837186384,-0.2689915383262113
1.5707963267948966,-0.2548796060383384
1.589474418057706,-0.21288494971380623
1.6081786656808084,-0.20429773371707977
1.62689601897166,-0.20108513471682293
1.6456133722625115,-0.2032467682413284
1.6643176198856138,-0.2107822498555565
1.6829957111484233,-0.20330670907656878
1.701674123104379,-0.1684843274931528
1.7203786927710776,-0.15920735293270527
1.7390963687831174,-0.1551015614430695
1.757814044795157,-0.15617724238207392
1.7765186144618557,-0.1624447124233241
1.7951970264178114,-0.16064920828870322
1.8138750659230445,-0.13309137905138468
1.832579261570622,-0.1235795129541992
1.8512965627765927,-0.11886801447323414
1.8700138639825632,-0.11897650176413418
1.8887180596301407,-0.1239247000290809
1.907396099135374,-0.1263968296909918
1.9260742462946405,-0.1055869781784771
1.9447785500495784,-0.09636820172337991
1.9634959595903676,-0.09141978155886787
1.9822133691311565,-0.09075668105902572
2.0009176728860947,-0.09439393358878416
2.019595820045361,-0.09946947095646491
2.038273965630943,-0.08453194942121504
2.0569782678055697,-0.07610903733022695
2.075695675762722,-0.07132631462521773
2.094413083719875,-0.07018653598169795
2.113117385894501,-0.07269245885530938
2.131795531480083,-0.07899576661918473
2.1504736614877435,-0.06882778067326331
2.1691779480188504,-0.06148761766786323
2.187895340299569,-0.057121845386876466
2.206612732580288,-0.05572811096457669
2.2253170191113947,-0.05730406401620294
2.2439951491190553,-0.06383019867049637
2.2626732970986843,-0.05730856646233138
2.2813776016774394,-0.05116241665069621
2.3000950120437786,-0.047374464014022045
2.318812422410118,-0.045944581304087836
2.337516726988873,-0.04687264128182771
2.356194874968502,-0.05309250971326466
2.3748730229482367,-0.049235856508683305
2.393577327527098,-0.04425628302160215
2.412294737893544,-0.04108903970384532
2.43101214825999,-0.039735385175666375
2.4497164528388513,-0.040196579223030306
2.468394600818586,-0.04575611019719813
2.4870727308262923,-0.04388720899499614
2.505777017357445,-0.04006409152024562
2.52449440963821,-0.03756931682031229
2.5432118019189747,-0.036403216654770906
2.5619160884501273,-0.03656612289368302
2.5805942184578337,-0.041308484342794854
2.5992723640431716,-0.040813586325627746
2.6179766662175536,-0.03801764793671293
2.636694074174461,-0.03617038603554574
2.655411482131369,-0.035271400881179436
2.674115784305751,-0.03532029295721975
2.692793929891089,-0.03930310636127708
2.711472077050437,-0.039754931016543954
2.7301763808054567,-0.0378836804391327
2.7488937903463277,-0.036675442068141474
2.767611199887199,-0.03612986020767317
2.7863155036422187,-0.03624657941621928
2.8049936508015665,-0.03960270157168648
2.823671785387918,-0.04069147123883967
2.842376076516996,-0.03966617287159958
2.86109347340536,-0.039104148098550943
2.8798108702937246,-0.03900528152136355
2.898515161422803,-0.03936945778003065
2.917193296009154,-0.0422432551694997
2.9358714332606692,-0.043736118722595224
2.9545757270661355,-0.04352742061894857
2.973293126636518,-0.043663676839138126
2.992010526206901,-0.044144709868977915
3.010714820012367,-0.044970342316060015
3.0293929572638825,-0.047497500003149215
3.048071100340141,-0.04914795625015232
3.0667753999948775,-0.04975877281812773
3.085492805426838,-0.05068611428519779
3.1042102108587986,-0.05192904583171442
3.1229145105135347,-0.053486636315584625
3.141592653589793,-0.05577055631717572
