% Arc length (m),Total traction
0,10.736932391648907
0.009345045146288995,11.095849249750442
0.01869009029257799,11.486608521593293
0.028035135438866984,11.909181833671553
0.03738018058515598,12.3635408461793
0.04672522573144497,12.849657252960588
0.05607027087773396,24.192385308837213
0.06541547668053467,35.43404667272044
0.0747606824833354,35.872801062732584
0.08410588828613609,36.33355446408513
0.09345109408893681,36.816330368010604
0.10279629989173752,37.32115229919967
0.11214150569453823,48.56704104226807
0.12148652491201828,59.51102528906416
0.13083154412949835,59.759228683678344
0.1401765633469784,60.030694069267575
0.14952158256445844,60.325467182166605
0.1588666017819385,60.6435938786875
0.16821162099941855,71.56509799364576
0.17755669414795724,82.1604626800876
0.18690176729649594,82.28206184345784
0.19624684044503468,82.51004193046768
0.20559191359357337,82.84457188668117
0.21493698674211204,83.28582101559255
0.22428205989065075,94.0736082413951
0.2336271322508262,104.45070439618247
0.24297220461100172,104.6180667704437
0.2523172769711772,104.81533862491371
0.2616623493313527,105.04251396011223
0.27100742169152814,105.2995867781634
0.2803524940517036,115.44670139932566
0.28969755860786317,125.17446854789786
0.29904262316402264,125.12308693344858
0.30838768772018216,125.15249478077065
0.31773275227634173,125.26248073792607
0.32707781683250126,125.45283418955331
0.33642288138866083,134.9959209378099
0.34576795494817353,144.28426120430174
0.3551130285076863,144.3786656416455
0.3644581020671991,144.55158797350686
0.3738031756267118,144.8029064914667
0.3831482491862246,145.1324997385185
0.3924933227457373,154.21424228444
0.40183839630530316,162.77270738665803
0.41118346986486903,162.7104813652258
0.4205285434244349,162.70158911455226
0.42987361698400073,162.74605977423786
0.4392186905435666,162.84392250511488
0.4485637641031325,170.88717877297134
0.4579088286593148,178.68305737375002
0.4672538932154972,178.66513654187946
0.4765989577716796,178.72551202860686
0.48594402232786194,178.86430756162073
0.4952890868840443,179.0816471294409
0.5046341514402266,186.4009271769118
0.5139792238002802,193.58572102954713
0.5233242961603337,193.74040473982262
0.5326693685203873,193.88824302967353
0.5420144408804408,194.02922841533712
0.5513595132404944,194.1633534021376
0.5607045856005479,200.37176711270797
0.5700496587491275,206.29199577224497
0.579394731897707,206.24896726149183
0.5887398050462864,206.32385216791047
0.598084878194866,206.5166644529255
0.6074299513434455,206.82741808016544
0.616775024492025,212.26345648247266
0.626120091341955,217.5229456764996
0.635465158191885,217.7763496901692
0.644810225041815,218.030997772763
0.6541552918917449,218.28688970660454
0.6635003587416748,218.54402527406805
0.6728454255916048,222.7185711820341
0.6821904937766926,226.5885076952773
0.6915355619617805,226.56552081933413
0.7008806301468683,226.5657845581351
0.7102256983319561,226.58930599403038
0.719570766517044,226.6360922122468
0.7289158347021318,229.25926587913392
0.7382609058052204,231.92715482785755
0.747605976908309,232.11184409089054
0.7569510480113976,232.36648496369213
0.7662961191144861,232.69111318781
0.7756411902175747,233.0857645291453
0.7849862613206633,234.76607830785446
0.7943313064669523,236.30131700558317
0.8036763516132412,236.56877532370595
0.8130213967595302,236.78403010978994
0.8223664419058192,236.9470546633251
0.8317114870521082,237.0578222655895
0.8410565321983972,236.71897497404552
0.8504017380011979,236.40324158473223
0.8597469438039986,236.4728544455023
0.8690921496067994,236.530484350798
0.8784373554096001,236.57613330020527
0.8877825612124008,236.6098032928651
0.8971277670152016,234.6868404385125
0.9064727862326817,233.078020129356
0.9158178054501618,233.397879459364
0.9251628246676419,233.70176987828552
0.9345078438851219,233.98969872033723
0.943852863102602,234.26167331524496
0.953197882320082,230.8168157980044
0.9625429554686207,227.54954669760437
0.9718880286171594,227.87768887472902
0.9812331017656981,228.10040238388396
0.9905781749142368,228.21773244394365
0.9999232480627755,228.22972424792684
1.0092683212113143,222.7656360550832
1.0186133935714898,217.5151344186496
1.0279584659316654,217.67572192069176
1.037303538291841,217.87660832635896
1.0466486106520165,218.11779030909847
1.055993683012192,218.39926454272373
1.0653387553723677,211.6845870822258
1.0746838199285274,205.02831566551816
1.0840288844846868,205.32306772771906
1.0933739490408463,205.53234644158144
1.1027190135970057,205.65609554971914
1.1120640781531652,205.69425874536475
1.121409142709325,197.04895353571038
1.1307542162688375,188.5561755576889
1.1400992898283504,188.61701914533467
1.1494443633878633,188.63358735517997
1.158789436947376,188.6058092290569
1.1681345105068888,188.5336136570878
1.1774795840664014,178.3999910732686
1.1868246576259673,168.7963549309084
1.1961697311855333,169.16571188947972
1.2055148047450992,169.4910418700514
1.214859878304665,169.77226289468408
1.2242049518642308,170.009292781789
1.2335500254237968,158.84175127792435
1.242895089979979,147.82609133135736
1.2522401545361614,148.10867624047188
1.2615852190923438,148.32913263718174
1.2709302836485261,148.48738489843842
1.2802753482047085,148.5833572784122
1.2896204127608908,136.1433788433321
1.2989654851209442,123.90446894917581
1.3083105574809977,124.11120338264402
1.3176556298410511,124.28997666107439
1.3270007022011046,124.44077836153718
1.336345774561158,124.5635980559217
1.3456908469212114,111.23929632339885
1.355035920069791,98.16828776963773
1.3643809932183706,98.44750548342859
1.3737260663669502,98.65783307418346
1.3830711395155297,98.79928313577801
1.3924162126641093,98.87186825901826
1.4017612858126889,84.75720161893761
1.4111063526626189,70.84387617533646
1.4204514195125488,71.02560659006883
1.4297964863624788,71.18399757844516
1.4391415532124088,71.31905326750669
1.4484866200623387,71.43077778332177
1.4578316869122687,56.84916692392507
1.4671767550973567,42.44629847126135
1.4765218232824446,42.690336545885636
1.4858668914675326,42.9112538392945
1.4952119596526205,43.109031349245164
1.5045570278377085,43.28365005266595
1.5139020960227965,28.4558538464894
1.5232471671258851,13.69885021462076
1.5325922382289738,13.895403037128267
1.5419373093320625,14.066249572018094
1.5512823804351512,14.211364102176677
1.56062745153824,14.330720876175082
1.5699725226413286,-0.6866180818959826
1.5793175677876177,-15.663609639913828
1.5886626129339068,-15.511023341831292
1.5980076580801958,-15.339752673041593
1.607352703226485,-15.149778903830073
1.616697748372774,-14.941083279440162
1.6260427935190631,-29.716772958794667
1.6353879993218638,-44.515080556274604
1.6447332051246646,-44.299038979043765
1.6540784109274653,-44.07177298666371
1.663423616730266,-43.83328139976756
1.6727688225330668,-43.583563038823236
1.6821140283358675,-58.02777855623241
1.6914590475533475,-72.59432891674054
1.7008040667708275,-72.4372668767001
1.7101490859883075,-72.26176187333722
1.7194941052057875,-72.06782150759993
1.7288391244232675,-71.85545337626003
1.7381841436407475,-85.795114717467
1.7475292167892862,-99.87969641318854
1.756874289937825,-99.7351504020098
1.7662193630863636,-99.5319504960292
1.7755644362349023,-99.27012084852524
1.784909509383441,-98.94968559951676
1.7942545825319798,-112.03539768459193
1.8035996548921553,-125.33034431656021
1.812944727252331,-125.14562065089945
1.8222897996125065,-124.94596978174975
1.831634871972682,-124.7314059762265
1.8409799443328576,-124.50194348326919
1.8503250166930332,-136.77391749372748
1.8596700812491929,-149.21585090941042
1.8690151458053523,-149.08683387884759
1.8783602103615118,-148.90323949279747
1.8877052749176713,-148.66511981565432
1.8970503394738307,-148.3725268456107
1.9063954040299904,-159.42234873118838
1.915740477589503,-170.62203406022047
1.925085551149016,-170.37988243293756
1.9344306247085288,-170.0927742119186
1.9437756982680414,-169.76075348559195
1.9531207718275543,-169.3838642847554
1.962465845387067,-179.0005250465381
1.9718109189466329,-189.03740321932855
1.9811559925061988,-188.99867907742782
1.9905010660657647,-188.9227523010411
1.9998461396253304,-188.8096480837373
2.0091912131848964,-188.65939159634223
2.018536286744462,-197.07333803870483
2.0278813513006444,-205.6675426586482
2.0372264158568267,-205.59778851383948
2.046571480413009,-205.4654208384473
2.0559165449691914,-205.27045480999337
2.0652616095253737,-205.0129056010941
2.074606674081556,-211.72901229974156
2.0839517464416097,-218.53508480605723
2.0932968188016634,-218.3103145066882
2.102641891161717,-218.09092428389857
2.1119869635217707,-217.87691309994105
2.1213320358818244,-217.66827991733524
2.130677108241878,-222.8326663120091
2.1400221813904574,-228.26657966065318
2.1493672545390368,-228.233762031372
2.158712327687616,-228.10188617408883
2.1680574008361955,-227.87098221336555
2.177402473984775,-227.5410802615503
2.186747547133354,-230.8090136045537
2.196092613983284,-234.26776013858293
2.2054376808332137,-234.01501496954398
2.2147827476831434,-233.74758855556738
2.224127814533073,-233.46548816421378
2.233472881383003,-233.16872105824788
2.2428179482329327,-234.80079897938495
2.2521630164180206,-236.73624727026234
2.2615080846031086,-236.71337395510108
2.2708531527881965,-236.67569586984436
2.2801982209732845,-236.6232253529671
2.2895432891583725,-236.55597472923708
2.2988883573434604,-236.86248703630176
2.308233428446549,-237.18443402953818
2.3175784995496373,-237.058078403415
2.326923570652726,-236.87204028299894
2.3362686417558143,-236.62640888859846
2.3456137128589027,-236.32127326277487
2.354958783961991,-234.73978134677589
2.3643038291082803,-233.1553185187724
2.3736488742545694,-232.83951902126006
2.3829939194008585,-232.57536480175142
2.3923389645471476,-232.36277888504316
2.4016840096934366,-232.20168444882728
2.4110290548397257,-229.5284671197055
2.4203742606425265,-226.81879741177877
2.429719466445327,-226.68823620473742
2.439064672248128,-226.57321424773338
2.4484098780509287,-226.47370007868886
2.4577550838537294,-226.3896623204034
2.46710028965653,-222.40723215708192
2.4764453088740104,-218.1834675212591
2.4857903280914906,-217.91615144890355
2.495135347308971,-217.69137487474987
2.504480366526451,-217.50906641678347
2.513825385743931,-217.36915485260735
2.5231704049614114,-212.27194070083738
2.53251547810995,-206.99553136417217
2.5418605512584884,-206.7870771174387
2.5512056244070274,-206.64691095889805
2.560550697555566,-206.57499433401523
2.5698957707041044,-206.57128871727298
2.5792408438526433,-200.5503990084968
2.5885859162128186,-194.17758972088888
2.597930988572994,-193.9159122846374
2.6072760609331693,-193.68002535272458
2.6166211332933447,-193.46994419382352
2.62596620565352,-193.28568408866232
2.6353112780136954,-186.1080569676048
2.644656342569855,-178.86441858762845
2.6540014071260147,-178.71270493573476
2.6633464716821744,-178.63379470566838
2.672691536238334,-178.62777007710366
2.682036600794494,-178.69471335344602
2.6913816653506535,-170.9459562880387
2.7007267389101663,-162.93425429921413
2.710071812469679,-162.86063075801644
2.719416886029192,-162.83639333608943
2.728761959588705,-162.861600471156
2.738107033148218,-162.9363106931729
2.7474521067077307,-154.37849768933404
2.7567971802672964,-145.27756013853752
2.766142253826862,-144.9347414578393
2.775487327386428,-144.6680349778231
2.7848324009459935,-144.47751907170644
2.794177474505559,-144.3632722203456
2.803522548065125,-135.04871467467262
2.8128676126213072,-125.47833193977996
2.8222126771774896,-125.26360535213615
2.831557741733672,-125.12794397893083
2.8409028062898543,-125.0714153018079
2.8502478708460366,-125.09408687922675
2.859592935402219,-115.34016744508418
2.8689380077622726,-105.18420198074232
2.8782830801223263,-104.92738814594922
2.88762815248238,-104.71389299148125
2.8969732248424336,-104.54374249034939
2.9063182972024872,-104.41696263633249
2.915663369562541,-94.09604345264817
2.9250084427111203,-83.33154551066174
2.9343535158596996,-82.90578951614559
2.943698589008279,-82.58124934917763
2.9530436621568583,-82.35793488246983
2.9623887353054377,-82.23585599001805
2.971733808454017,-71.6366030085862
2.9810788753039468,-60.706165610024506
2.9904239421538765,-60.377733846989386
2.9997690090038063,-60.07287345322061
3.009114075853736,-59.7915697132336
3.0184591427036658,-59.53380792379028
3.0278042095535955,-48.58393866016574
3.0371492777386835,-37.333005393069975
3.0464943459237714,-36.82294143702296
3.0558394141088594,-36.33808083948168
3.0651844822939474,-35.878392433098696
3.0745295504790353,-35.443845101895604
3.0838746186641233,-24.209494077556553
3.0932196897672117,-12.874110170815552
3.1025647608703,-12.397878289536791
3.1119098319733887,-11.955854167248823
3.121254903076477,-11.548007277445926
3.1305999741795656,-11.17430712993346
3.139945045282654,-10.834723270773889
