% Arc length (m),Total traction
0,23.054838670621116
0.009345045146288975,23.163175158683707
0.018690090292577975,23.36117828184625
0.028035135438866977,23.648584517222524
0.03738018058515595,24.025131373545122
0.046725225731444955,24.49055738612251
0.05607027087773396,40.00698151694863
0.06541547668053467,55.170111917201375
0.07476068248333538,55.48091709836886
0.08410588828613609,55.901274687676384
0.09345109408893681,56.430685952985414
0.10279629989173752,57.06865518484342
0.11214150569453823,72.71610968737997
0.12148652491201826,87.70421650892487
0.1308315441294983,87.83131677558184
0.14017656334697834,87.99869863063003
0.14952158256445838,88.20623077669379
0.1588666017819384,88.45378248639476
0.16821162099941844,103.56175770528918
0.17755669414795716,118.0307703193999
0.18690176729649588,117.88259077639674
0.19624684044503463,117.93761952906763
0.20559191359357334,118.19572304127828
0.21493698674211206,118.6567678938711
0.22428205989065078,133.66676818978823
0.23362713225082624,148.01486322461867
0.24297220461100172,148.07391670751835
0.2523172769711772,148.1901685531303
0.26166234933135263,148.3637114707703
0.2710074216915281,148.5946383702185
0.28035249405170354,162.71645607978712
0.2896975586078631,176.05619882288985
0.29904262316402264,175.71454075124322
0.3083876877201822,175.52516477388698
0.31773275227634173,175.48834071830578
0.3270778168325013,175.6043390498347
0.3364228813886609,188.8389657640159
0.34576795494817364,201.70444535514204
0.3551130285076864,201.7182693911898
0.36445810206719914,201.8460925437585
0.3738031756267119,202.08803476202053
0.38314824918622464,202.44421616348706
0.39249332274573734,214.96419580311593
0.4018383963053032,226.48276594120108
0.411183469864869,226.03186225167886
0.42052854342443485,225.6609580198381
0.4298736169840007,225.3700877820232
0.4392186905435665,225.1592860944607
0.44856376410313237,235.87275172757018
0.45790882865931476,246.28616033431953
0.46725389321549715,246.02311915061694
0.47659895777167954,245.92781780588464
0.48594402232786194,246.00028174039198
0.4952890868840443,246.24053639955318
0.5046341514402267,256.1715780614376
0.5139792238002802,265.8461846792497
0.5233242961603336,265.9196136000158
0.532669368520387,265.91479232136044
0.5420144408804405,265.8316774813846
0.5513595132404939,265.6702256861448
0.5607045856005474,273.5022472458057
0.5700496587491269,281.0239893795971
0.5793947318977065,280.6383004802049
0.5887398050462861,280.4171995555969
0.5980848781948657,280.3608520991333
0.6074299513434452,280.4694238261204
0.6167750244920248,287.20778620134394
0.6261200913419548,293.7158923886548
0.6354651581918846,293.773162690522
0.6448102250418146,293.8443177244406
0.6541552918917446,293.92937260264387
0.6635003587416746,294.02834245930376
0.6728454255916045,298.98766315069065
0.6821904937766924,303.56040660701217
0.6915355619617802,303.3042296970764
0.7008806301468681,303.06557063288625
0.7102256983319559,302.8444469496979
0.7195707665170438,302.6408762061784
0.7289158347021316,305.4134507053485
0.7382609058052202,308.1761762132804
0.7476059769083088,308.04738342036154
0.7569510480113973,307.9856979061036
0.7662961191144859,307.99117058055987
0.7756411902175745,308.063852405293
0.7849862613206631,309.34330257573623
0.794331306466952,310.76875294429
0.803676351613241,310.9757034512571
0.81302139675953,311.10360227707054
0.822366441905819,311.15238935908167
0.831711487052108,311.1220045737801
0.8410565321983969,310.08084677204647
0.8504017380011977,308.9950488981667
0.8597469438039984,308.81523736491073
0.8690921496067991,308.6098607848792
0.8784373554095999,308.37890872967364
0.8877825612124006,308.12237076522285
0.8971277670152014,304.9317832613883
0.9064727862326813,302.1210112321281
0.9158178054501613,302.2394459698513
0.9251628246676413,302.3786401804238
0.9345078438851213,302.5385997623356
0.9438528631026013,302.7193306163119
0.9531978823200813,297.86913420272776
0.96254295546862,293.22672031339897
0.9718880286171587,293.4859711389271
0.9812331017656974,293.5951155062603
0.9905781749142362,293.5540866453551
0.9999232480627749,293.3628177465614
1.0092683212113136,285.925129811411
1.0186133935714892,278.6904310779933
1.0279584659316647,278.62675361278053
1.0373035382918403,278.63803545096306
1.0466486106520159,278.7243268217507
1.0559936830121914,278.88567799924033
1.065338755372367,270.01744824147545
1.0746838199285265,261.34130538096963
1.084028884484686,261.67568166025916
1.0933739490408454,261.9158167659966
1.1027190135970049,262.06164137790626
1.1120640781531643,262.1130861077098
1.1214091427093238,251.06020785559858
1.1307542162688367,240.15018588028704
1.1400992898283495,240.200618354937
1.1494443633878624,240.20160903618282
1.1587894369473752,240.15313531032095
1.168134510506888,240.05517454985505
1.177479584066401,227.14995848950258
1.186824657625967,214.7755001388274
1.1961697311855328,215.1237714125954
1.2055148047450985,215.4370335427292
1.2148598783046645,215.71529338334446
1.2242049518642302,215.95855778676798
1.233550025423796,201.78953407036704
1.2428950899799784,187.77674206421503
1.2522401545361608,188.0943207750683
1.2615852190923431,188.3650068773826
1.2709302836485254,188.58883654154593
1.2802753482047078,188.76584590075632
1.2896204127608901,173.15202314022054
1.2989654851209436,157.66430971474233
1.308310557480997,157.8906303461334
1.3176556298410504,158.0869574788792
1.3270007022011039,158.25331144991125
1.3363457745611573,158.38971257777933
1.3456908469212108,141.6191234940656
1.3550359200697903,125.06007167778378
1.36438099321837,125.33308327837328
1.3737260663669495,125.56111369532046
1.383071139515529,125.74417599165847
1.3924162126641086,125.8822832253627
1.4017612858126882,108.25138977938411
1.4111063526626182,90.74689120961789
1.4204514195125482,90.94367414449685
1.4297964863624781,91.11765505802998
1.439141553212408,91.26880905801607
1.448486620062338,91.39711121600878
1.457831686912268,73.15467905290029
1.467176755097356,55.01506392559393
1.476521823282444,55.20900758308048
1.485866891467532,55.388621105469575
1.4952119596526199,55.55387299518221
1.5045570278377078,55.70473166226294
1.5139020960227958,37.14974051314307
1.5232471671258845,18.624510289801428
1.5325922382289732,18.77126826824789
1.5419373093320619,18.898542746623434
1.5512823804351505,19.006286783656716
1.5606274515382392,19.094453287162096
1.569972522641328,0.3606370989212131
1.579317567787617,-18.34517045418385
1.5886626129339059,-18.238323686984096
1.5980076580801947,-18.121155607019222
1.6073527032264838,-17.993641226919447
1.616697748372773,-17.85575547859231
1.6260427935190618,-36.35238955992209
1.6353879993218625,-54.897507348325114
1.6447332051246633,-54.787153576031386
1.654078410927464,-54.66623079713708
1.6634236167302647,-54.53472519467065
1.6727688225330655,-54.392622927565824
1.6821140283358662,-72.50239265850303
1.6914590475533462,-90.72113814467714
1.7008040667708262,-90.6599545180905
1.7101490859883062,-90.5813240118479
1.7194941052057862,-90.48524633115383
1.7288391244232661,-90.37172118120607
1.7381841436407461,-107.85966036680728
1.7475292167892849,-125.46915687416532
1.7568742899378236,-125.41477757867435
1.7662193630863623,-125.31543382018398
1.775564436234901,-125.17112483891535
1.7849095093834397,-124.98184987507234
1.7942545825319784,-141.52075699997667
1.803599654892154,-158.19919289551802
1.8129447272523296,-158.09125812244287
1.822289799612505,-157.97011834488794
1.8316348719726805,-157.83579036729324
1.840979944332856,-157.68829096559764
1.8503250166930316,-173.19714580667443
1.8596700812491913,-188.83003312574166
1.8690151458053508,-188.7570946012881
1.8783602103615102,-188.64793065523924
1.88770527491767,-188.50263248300865
1.8970503394738294,-188.3212909741609
1.9063954040299889,-202.46926153790093
1.9157404775895017,-216.69125350325368
1.9250855511490146,-216.51663184285403
1.9344306247085272,-216.31075778693827
1.94377569826804,-216.07372734664
1.9531207718275527,-215.80563614021787
1.9624658453870656,-228.31750766836393
1.9718109189466315,-241.06881004990132
1.9811559925061972,-240.98411521739405
1.9905010660657632,-240.87441640113724
1.9998461396253289,-240.73977833390288
2.0091912131848946,-240.58026552520684
2.0185362867444603,-251.51053081924414
2.0278813513006426,-262.5195110404582
2.037226415856825,-262.37445779061653
2.0465714804130073,-262.19004364277697
2.0559165449691896,-261.9663523745925
2.065261609525372,-261.70346752612863
2.0746066740815543,-270.64883043830025
2.083951746441608,-279.50333814873744
2.0932968188016616,-279.12782750341614
2.1026418911617153,-278.7696289068503
2.111986963521769,-278.4287147846447
2.1213320358818226,-278.1050576209332
2.1306771082418763,-285.02998551335054
2.1400221813904556,-292.00289479333486
2.149367254539035,-291.67483398845206
2.158712327687615,-291.2772369286683
2.168057400836194,-290.8101817715169
2.177402473984774,-290.273746557445
2.1867475471333533,-294.82246121536673
2.196092613983283,-299.3993085152147
2.205437680833213,-298.84246743850605
2.2147827476831425,-298.30638073434744
2.2241278145330723,-297.7910391520123
2.233472881383002,-297.2964334462707
2.242817948232932,-299.82179961810505
2.2521630164180197,-302.50637603281194
2.2615080846031077,-302.17649797660766
2.2708531527881957,-301.83141285087254
2.2801982209732836,-301.4711228158584
2.2895432891583716,-301.0956300314076
2.2988883573434595,-301.7216045268079
2.308233428446548,-302.2371553243321
2.3175784995496365,-301.6886916830971
2.326923570652725,-301.0928848604457
2.3362686417558134,-300.44973824354344
2.345613712858902,-299.7592552192329
2.3549587839619903,-298.01757942883853
2.3643038291082794,-296.37354175011143
2.3736488742545685,-295.7671168269273
2.3829939194008576,-295.19444249952113
2.3923389645471467,-294.65551635355354
2.4016840096934358,-294.15033597491544
2.411029054839725,-290.9510009658387
2.4203742606425256,-287.8299104968534
2.4297194664453263,-287.4405137555116
2.439064672248127,-287.0549203054963
2.448409878050928,-286.67313771440394
2.4577550838537285,-286.29517356992073
2.4671002896565293,-281.46797987813085
2.4764453088740095,-276.49157191937115
2.4857903280914897,-275.9659229144133
2.49513534730897,-275.43796788831946
2.50448036652645,-274.90769741683624
2.5138253857439303,-274.37510202428666
2.5231704049614105,-267.9328409404809
2.532515478109949,-261.4496978103532
2.541860551258488,-260.94372228061377
2.551205624407027,-260.5078275303828
2.5605506975555654,-260.14225912346075
2.5698957707041044,-259.84726377226707
2.579240843852643,-252.32184717219027
2.588585916212818,-244.7239382193365
2.5979309885729935,-244.40764882621752
2.607276060933169,-244.07172197499582
2.6166211332933442,-243.71614280522877
2.6259662056535196,-243.34089644147622
2.635311278013695,-234.36847103430154
2.644656342569854,-225.4485398253671
2.654001407126014,-225.14965332527257
2.6633464716821735,-224.89428011788647
2.6726915362383328,-224.68238578239993
2.6820366007944925,-224.51393593429867
2.691381665350652,-214.6236502262606
2.700726738910165,-204.65003538580672
2.710071812469678,-204.463227426454
2.7194168860291907,-204.29797918570242
2.7287619595887036,-204.1542895001905
2.7381070331482165,-204.03215720664025
2.7474521067077293,-193.07760047698207
2.756797180267295,-181.89473163469947
2.7661422538268607,-181.5821920189822
2.7754873273864265,-181.2860123160146
2.784832400945992,-181.0062038873675
2.794177474505558,-180.74277810513462
2.8035225480651236,-168.7173503308083
2.812867612621306,-156.61952515513508
2.8222126771774882,-156.32218110020736
2.8315577417336706,-156.0469276602824
2.840902806289853,-155.79377035259046
2.8502478708460353,-155.56271469619935
2.8595929354022176,-142.7468954545576
2.8689380077622713,-129.93750128335188
2.8782830801223245,-129.72269743730382
2.887628152482378,-129.49561833425156
2.896973224842432,-129.25626914658315
2.9063182972024855,-129.00465504378099
2.915663369562539,-115.44124790202329
2.9250084427111185,-101.78734957424518
2.934353515859698,-101.41877379517358
2.9436985890082776,-101.03599489961687
2.953043662156857,-100.63902050732956
2.962388735305437,-100.22785823261658
2.971733808454016,-85.9494540679888
2.981078875303946,-71.7237580530417
2.9904239421538756,-71.3510826065446
2.9997690090038054,-70.97836612237363
3.009114075853735,-70.60560861075098
3.018459142703665,-70.23281008189544
3.0278042095535946,-55.55499398227347
3.0371492777386826,-40.97735675003956
3.0464943459237706,-40.640595902063986
3.0558394141088585,-40.23976786633766
3.0651844822939465,-39.77490561196376
3.0745295504790344,-39.246042085428
3.0838746186641224,-24.045056150520278
3.093219689767211,-9.007976212919758
3.1025647608702993,-8.5557663635883
3.1119098319733878,-8.08034137670823
3.1212549030764762,-7.58176981550088
3.1305999741795647,-7.060119973461736
3.139945045282653,-6.515459875685501
