% Arc length (m),Total traction
0,190.26326873837297
0.01631583247201614,190.90321564764025
0.03263166494403228,191.37048435201814
0.04894749741604841,191.66470135312665
0.06526332988806455,191.78549207465255
0.08157916236008068,191.73248085845768
0.09789499483209682,191.5052909606708
0.11421082730411297,191.10354454776197
0.1305266597761291,184.71116052457216
0.14684240514017108,179.4329960300692
0.16315815050421306,179.79278943674086
0.17947389586825507,179.97419382244004
0.19578964123229706,179.9765613108757
0.21210538659633904,179.79924088466345
0.22842113196038105,179.4415783662661
0.24473687732442304,178.90291639879533
0.261052622688465,166.28511930537988
0.2773683907776955,155.06931380698924
0.2936841588669259,155.46678250406117
0.3099999269561563,155.57897740926686
0.3263156950453868,155.4048202496369
0.34263146313461723,154.9432273111633
0.35894723122384764,154.1931094044358
0.37526299931307805,153.1533718300185
0.3915787674023085,134.10163297793002
0.40789453549161236,117.33200258968714
0.42421030358091627,117.90470466226992
0.4405260716702202,118.0971195980969
0.456841839759524,117.90790285662767
0.4731576078488279,117.33570355151238
0.4894733759381318,116.37916441310946
0.5057891440274357,115.0369217507379
0.5221049121167396,90.42694642662337
0.5384206752722055,68.7516697740131
0.5547364384276713,69.49596960591632
0.5710522015831372,69.77946911372875
0.587367964738603,69.60245024667469
0.6036837278940689,68.96519472400395
0.6199994910495348,67.86798403522677
0.6363152542050007,66.3110994403475
0.6526310173604666,37.02041106525884
0.6689467843554446,11.405403439969856
0.6852625513504227,12.531763181879018
0.7015783183454007,13.131573258824943
0.7178940853403788,13.211222486836231
0.7342098523353568,12.776996741217218
0.7505256193303349,11.835081021539057
0.766841386325313,10.391561467120823
0.783157153320291,-22.22689406085197
0.7994729857923072,-50.91465512706236
0.8157888182643234,-49.45685939829424
0.8321046507363395,-48.52653020770086
0.8484204832083557,-48.11746819855445
0.8647363156803719,-48.22357078373253
0.8810521481523881,-48.83883026488668
0.8973679806244043,-49.95733199530869
0.9136838130964204,-83.53502152138915
0.9299995584604624,-113.53605553050613
0.9463153038245045,-112.01810800345328
0.9626310491885465,-110.9402144139379
0.9789467945525885,-110.2996637527245
0.9952625399166305,-110.09376723363918
1.0115782852806725,-110.31985806632301
1.0278940306447144,-110.97529123176807
1.0442097760087563,-142.32123321129384
1.0605255440979868,-170.92195495142698
1.0768413121872171,-169.5665532485616
1.0931570802764474,-168.51889608333727
1.109472848365678,-167.77906151208472
1.1257886164549082,-167.34712761753465
1.1421043845441385,-167.22317250882884
1.158420152633369,-167.40727432153113
1.1747359207225996,-193.31113682774796
1.1910516888119034,-217.64716798268967
1.2073674569012072,-216.757286382655
1.223683224990511,-216.05449176516538
1.2399989930798148,-215.5401718477513
1.2563147611691186,-215.21572810648607
1.2726305292584223,-215.08257594692117
1.2889462973477261,-215.14214487757576
1.30526206543703,-233.63311061208776
1.3215778285924957,-251.05393927294233
1.3378935917479615,-250.37711030124458
1.3542093549034275,-249.8410199438793
1.3705251180588933,-249.44684550804493
1.3868408812143591,-249.1957774688771
1.403156644369825,-249.08901965406542
1.4194724075252907,-249.1277894315857
1.4357881706807565,-258.8328531482284
1.4521039376757345,-267.88366895278585
1.4684197046707126,-267.5119519721639
1.4847354716656906,-267.2376429225607
1.5010512386606687,-267.06114953550843
1.5173670056556468,-266.98288182130364
1.5336827726506248,-267.0032520849489
1.5499985396456029,-267.1226749422291
1.566314306640581,-267.43041992205247
1.582630139112597,-267.29461630623484
1.598945971584613,-267.1703150187502
1.6152618040566291,-267.1467928560064
1.6315776365286452,-267.22447642256066
1.6478934690006612,-267.4037947341655
1.6642093014726773,-267.6851792348279
1.6805251339446934,-268.069063814014
1.6968409664167095,-259.1465793621005
1.7131567117807514,-249.5063312168399
1.7294724571447933,-249.43520639422007
1.7457882025088354,-249.52432721120698
1.7621039478728773,-249.77412297472333
1.7784196932369192,-250.18502452657842
1.7947354386009613,-250.75746425033418
1.8110511839650032,-251.49187607820693
1.827366929329045,-234.13907091773862
1.8436826974182756,-215.48940088072064
1.859998465507506,-215.3421334456472
1.8763142335967362,-215.44751537035032
1.8926300016859667,-215.8054180802336
1.908945769775197,-216.415713087929
1.9252615378644273,-217.27827199322257
1.9415773059536579,-218.39296648298094
1.9578930740428884,-194.24535272523397
1.9742088421321922,-167.96991573695345
1.9905246102214962,-167.57592554270806
2.0068403783108,-167.54757747669078
2.0231561464001038,-167.88339052077126
2.0394719144894076,-168.58189164443718
2.0557876825787114,-169.6416157510171
2.072103450668015,-171.06110562433673
2.088419218757319,-142.5475504606003
2.104734981912785,-111.09145709844636
2.121050745068251,-110.3827717513847
2.137366508223717,-110.12800817768351
2.153682271379183,-110.32505473042488
2.169998034534649,-110.9718128402713
2.186313797690115,-112.06619691438434
2.202629560845581,-113.60613423627919
2.218945324001047,-83.61346469256829
2.235261090996025,-50.002658013387446
2.2515768579910027,-48.878107452383134
2.2678926249859805,-48.265409510782334
2.2842083919809584,-48.16626839592978
2.300524158975936,-48.582395889094
2.316839925970914,-49.515511387589626
2.333155692965892,-50.96734194718122
2.3494714599608697,-22.253432203536008
2.365787292432886,10.358344161680723
2.3821031249049023,11.785515613335814
2.3984189573769186,12.712599813396135
2.414734789848935,13.137916811505157
2.431050622320951,13.059779124228873
2.4473664547929674,12.47649169278456
2.4636822872649837,11.38635184048448
2.479998119737,37.04138063645775
2.496313865101042,66.37902593925187
2.5126296104650843,67.97481029740928
2.5289453558291264,69.08080865881821
2.5452611011931685,69.69535706143101
2.5615768465572106,69.81678399729563
2.5778925919212528,69.44341036973226
2.594208337285295,68.57354945021768
2.610524082649337,90.04071624841771
2.6268398507385675,114.81523638549936
2.643155618827798,116.3274586998753
2.6594713869170286,117.41433642440185
2.675787155006259,118.07760389794888
2.6921029230954896,118.31898604318197
2.70841869118472,118.14019843038017
2.7247344592739506,117.54294734073473
2.741050227363181,134.26836936674826
2.757365995452485,153.2570410392232
2.7736817635417887,154.2276202516176
2.7899975316310925,154.92170658745366
2.8063132997203963,155.34143782468377
2.8226290678097,155.4889297595171
2.838944835899004,155.36627648822983
2.8552606039883077,154.97555068465104
2.8715763720776115,166.2220743008454
2.8878921352330775,178.8813173582734
2.9042078983885435,179.44162602621037
2.9205236615440096,179.80642788490348
2.9368394246994756,179.97587991890566
2.9531551878549416,179.9501389447445
2.9694709510104076,179.7293616111473
2.9857867141658736,179.3137043992651
3.0021024773213396,184.50570818640324
3.0184182443163174,190.95292166608937
3.0347340113112953,191.4131556558892
3.051049778306273,191.68839773515293
3.067365545301251,191.77824978058538
3.0836813122962288,191.68231252566324
3.0999970792912066,191.40018555652895
3.1163128462861844,190.93146730786614
3.1326286132811623,190.27575505875782
