% Arc length (m),Total traction
0,262.19688608644975
0.016315832472016133,262.70688394879556
0.03263166494403227,263.10309970980904
0.0489474974160484,263.38595366427296
0.06526332988806453,263.5558640395041
0.08157916236008066,263.6132470080502
0.09789499483209681,263.55851670029375
0.11421082730411294,263.39208521696185
0.13052665977612907,255.6712705941657
0.14684240514017105,248.73078145458385
0.16315815050421306,249.11204205830867
0.17947389586825502,249.37328453580875
0.195789641232297,249.51581386754202
0.21210538659633899,249.54091618321326
0.22842113196038097,249.44985910092942
0.24473687732442295,249.24389205905777
0.2610526226884649,232.4374866989
0.2773683907776954,216.41633842195873
0.29368415886692584,216.7110235063023
0.30999992695615625,216.83482119569197
0.3263156950453867,216.78777066398303
0.3426314631346172,216.5699110730581
0.3589472312238476,216.18128157283167
0.37526299931307805,215.62192130125504
0.3915787674023085,189.87287090671538
0.4078945354916124,165.57848599436605
0.42421030358091627,165.99875103982404
0.4405260716702202,166.1141311640371
0.456841839759524,165.92408870430413
0.473157607848828,165.42808473296043
0.48947337593813184,164.62557905365563
0.5057891440274357,163.5160301976181
0.5221049121167396,130.05207122296144
0.5384206752722054,99.26112482720104
0.5547364384276713,100.06241877457829
0.5710522015831372,100.40915691296121
0.587367964738603,100.30136728485577
0.6036837278940688,99.73907793046133
0.6199994910495347,98.72231688767096
0.6363152542050006,97.25111219207147
0.6526310173604664,58.04060622991495
0.6689467843554444,22.452512191677936
0.6852625513504225,23.619915691293386
0.7015783183454005,24.259995692605585
0.7178940853403786,24.374806084463916
0.7342098523353566,23.96639010320661
0.7505256193303347,23.036780401632814
0.7668413863253127,21.587999117439594
0.7831571533202908,-20.830442089768734
0.799472985792307,-59.37353097626489
0.8157888182643231,-57.962010959211
0.8321046507363393,-57.04646028324745
0.8484204832083555,-56.624967039823055
0.8647363156803717,-56.69562913471193
0.8810521481523879,-57.25655422511961
0.897367980624404,-58.30585965727255
0.9136838130964202,-100.76190272738009
0.9299995584604622,-139.8829684946779
0.9463153038245042,-138.47181389276005
0.9626310491885461,-137.44704083951362
0.9789467945525882,-136.80703002934962
0.9952625399166302,-136.55017119262672
1.011578285280672,-136.6748630327118
1.027894030644714,-137.17951316356582
1.0442097760087559,-176.1023571220884
1.0605255440979864,-212.72686260159585
1.0768413121872167,-211.5546399932104
1.0931570802764472,-210.62337790273241
1.1094728483656775,-209.93097068466338
1.125788616454908,-209.47533715596674
1.1421043845441383,-209.25442024185423
1.1584201526333688,-209.26618662770906
1.1747359207225994,-241.23470901708305
1.1910516888119032,-271.89707110628086
1.207367456901207,-271.01107325089237
1.2236832249905107,-270.3016744576685
1.2399989930798145,-269.76776058478254
1.2563147611691183,-269.408226842719
1.2726305292584223,-269.2219776963479
1.2889462973477261,-269.207926768227
1.30526206543703,-291.96585997208604
1.3215778285924957,-313.63185716255555
1.3378935917479615,-312.84750509468597
1.3542093549034273,-312.2138009441753
1.370525118058893,-311.7308788167338
1.386840881214359,-311.39887297729234
1.4031566443698247,-311.2179178502384
1.4194724075252905,-311.1881480196534
1.4357881706807563,-322.9231248213735
1.4521039376757343,-333.97933639892364
1.4684197046707124,-333.5141073256408
1.4847354716656904,-333.14170327384505
1.5010512386606685,-332.86297356042854
1.5173670056556465,-332.6787778952555
1.5336827726506246,-332.5899865406224
1.5499985396456026,-332.59748047366185
1.5663143066405807,-332.6552353570145
1.5826301391125968,-332.3835463288567
1.5989459715846128,-332.21682285708425
1.615261804056629,-332.1086914651652
1.631577636528645,-332.05970165780593
1.647893469000661,-332.07040983262027
1.664209301472677,-332.1413793885492
1.6805251339446932,-332.2731808363333
1.6968409664167092,-320.9103351564547
1.7131567117807511,-309.2188906171641
1.7294724571447933,-309.16549540857653
1.7457882025088352,-309.19502618833167
1.7621039478728773,-309.30843059075323
1.7784196932369192,-309.5066707441265
1.794735438600961,-309.79072354886597
1.8110511839650032,-310.1615809621147
1.827366929329045,-288.4027862562933
1.8436826974182756,-265.90513622316047
1.8599984655075061,-265.78215492885175
1.8763142335967367,-265.8188096908595
1.8926300016859672,-266.0175822572911
1.9089457697751977,-266.3810060868508
1.9252615378644282,-266.91166770271826
1.9415773059536587,-267.61220808918677
1.9578930740428893,-237.28644140114977
1.974208842132193,-205.54565030502525
1.9905246102214968,-205.25651462781224
2.006840378310801,-205.22429453358467
2.0231561464001047,-205.45322395025963
2.0394719144894085,-205.94763035224253
2.0557876825787122,-206.7119373583543
2.072103450668016,-207.75066741682085
2.08841921875732,-171.5192617163461
2.104734981912786,-133.10015884612014
2.121050745068252,-132.56534168880214
2.137366508223718,-132.3691993284312
2.153682271379184,-132.51535466023591
2.16999803453465,-133.00748243780308
2.186313797690116,-133.84931020428994
2.202629560845582,-135.0446192437745
2.218945324001048,-96.3952890614159
2.2352610909960258,-54.93245961299331
2.2515768579910036,-54.07556079571506
2.2678926249859814,-53.62101782413818
2.2842083919809593,-53.56722103683436
2.300524158975937,-53.91256934707122
2.316839925970915,-54.65547018579147
2.3331556929658928,-55.79433944504652
2.3494714599608706,-18.35734405464817
2.365787292432887,22.191598135344968
2.382103124904903,23.354193208200762
2.3984189573769195,24.102347741415425
2.4147347898489357,24.437702241023544
2.431050622320952,24.361888566178067
2.4473664547929683,23.876529986045885
2.4636822872649846,22.98324123625492
2.479998119737001,56.76231056707856
2.496313865101043,93.44300280044104
2.512629610465085,94.6749996253587
2.5289453558291273,95.54114887162974
2.5452611011931694,96.04555407527945
2.5615768465572115,96.19225763108155
2.5778925919212536,95.98524192706158
2.5942083372852958,95.42843045383201
2.610524082649338,124.49216954548616
2.6268398507385684,155.71185171760203
2.643155618827799,156.69951609765937
2.6594713869170294,157.4239141707304
2.67578715500626,157.88729094641283
2.6921029230954905,158.0918659808269
2.708418691184721,158.03983373632875
2.7247344592739515,157.7333639351412
2.741050227363182,181.0500666572503
2.757365995452486,205.74104126332347
2.7736817635417896,206.39060208032691
2.7899975316310934,206.87461598126416
2.8063132997203972,207.19348379074174
2.822629067809701,207.34760504043317
2.838944835899005,207.33737797428776
2.8552606039883086,207.16319955371512
2.8715763720776124,223.59784497621186
2.8878921352330784,240.92047590115936
2.9042078983885444,241.34117835232473
2.9205236615440104,241.63228592868555
2.9368394246994765,241.79375269405097
2.9531551878549425,241.8255326905178
2.9694709510104085,241.72757993845713
2.9857867141658745,241.49984843650185
3.0021024773213405,250.2034884087852
3.0184182443163183,259.84467050249907
3.034734011311296,260.2861989095205
3.051049778306274,260.5897864070144
3.067365545301252,260.75594695879414
3.0836813122962297,260.78519197848766
3.0999970792912075,260.6780303453355
3.1163128462861853,260.4349684198706
3.132628613281163,260.0565100594816
