% Arc length (m),Total traction
0,25.529046163689166
0.009343300794841263,25.602545332268715
0.018686601589682553,25.762500718138998
0.028029902384523873,26.00883840627847
0.037373203179365135,26.341484565898902
0.04671650397420642,26.760365450325594
0.05605980476904771,27.26540739687737
0.06540310556388901,45.300529701508204
0.07474648034635933,62.982290676042275
0.0840898551288297,63.297286989017124
0.09343322991130007,63.68951998183593
0.1027766046937704,64.15899812237852
0.11211997947624075,64.7057298797627
0.1214633542587111,65.32972372434423
0.13080672904118146,83.40186057715945
0.14015000768348093,100.53867853017988
0.1494932863257804,100.40598282991454
0.1588365649680799,100.37469715439332
0.16817984361037938,100.44487276673257
0.17752312225267886,100.61656096460605
0.18686640089497833,100.88981308027394
0.1962096795372778,118.24628280392926
0.20555297627627653,135.21259130343535
0.21489627301527525,135.29681561028104
0.224239569754274,135.48038926818674
0.2335828664932727,135.76314387899998
0.24292616323227145,136.14491142493526
0.25226945997127015,136.62552426750122
0.2616127567102689,153.57926099024706
0.27095605560153835,169.50425571777947
0.2802993544928078,169.1534859006989
0.28964265338407724,168.90099845063153
0.2989859522753467,168.74639658280788
0.30832925116661614,168.68928564544962
0.3176725500578856,168.72927310545603
0.32701584894915503,184.19395229719356
0.3363591515788486,199.36781064691857
0.3457024542085422,199.32724018197553
0.35504575683823575,199.3996428030183
0.36438905946792927,199.5844406162639
0.3737323620976228,199.88105966270444
0.38307566472731636,200.2889298846749
0.39241896735700993,214.86209729084595
0.4017622699866779,228.32481547967586
0.411105572616346,227.82105701156658
0.420448875246014,227.40503477696106
0.429792177875682,227.07635187672227
0.43913548050535006,226.83461380208624
0.44847878313501804,226.67942841669355
0.4578220857646861,238.9642089490062
0.46716538465606555,251.01847751973108
0.476508683547445,250.866407087298
0.4858519824388245,250.86127759959737
0.4951952813302039,251.00256846514668
0.5045385802215834,251.289761548741
0.5138818791129628,251.7223411569835
0.5232251780043422,262.9023858405642
0.5325684747433312,273.1043304040307
0.5419117714823204,272.7457413115966
0.5512550682213095,272.42912920027766
0.5605983649602987,272.15441309922954
0.5699416616992878,271.92151224572433
0.5792849584382769,271.73034608448177
0.588628255177266,280.04905907178613
0.5979715542841736,288.40180873705094
0.6073148533910812,288.3550014793838
0.6166581524979887,288.3768636483562
0.6260014516048963,288.46739678880374
0.6353447507118039,288.62660244560834
0.6446880498187114,288.8544821636981
0.654031348925619,295.4955497561922
0.6633746495317459,301.6852249789975
0.6727179501378728,301.5224804774378
0.6820612507439998,301.35181466233433
0.6914045513501267,301.17321364396616
0.7007478519562536,300.98666350011996
0.7100911525623804,300.7921502759947
0.7194344531685073,304.3867778398168
0.7287777528246787,307.9580496294555
0.7381210524808501,307.79071154496046
0.7474643521370216,307.68206781597905
0.756807651793193,307.63230560886836
0.7661509514493644,307.6416128866213
0.7754942511055358,307.7101784131095
0.7848375507617072,309.16726176989675
0.7941808515565485,310.7707499354804
0.8035241523513897,310.97392198506265
0.812867453146231,311.10561928117954
0.8222107539410722,311.16561219436795
0.8315540547359135,311.1536701104582
0.8408973555307547,311.0695614252911
0.850240656325596,309.4179999417711
0.8595840311080664,307.72380513105685
0.8689274058905367,307.5308988921898
0.8782707806730071,307.3442528025359
0.8876141554554775,307.1638921728043
0.8969575302379479,306.9898424503348
0.9063009050204183,306.82212922002094
0.9156442798028886,302.4796793616696
0.9249875584451881,298.6729825917389
0.9343308370874875,298.9980283697741
0.943674115729787,299.2734815399628
0.9530173943720864,299.49910427907184
0.962360673014386,299.67465724077925
0.9717039516566854,299.79989954346246
0.981047230298985,292.76621734342905
0.9903905270379837,285.6554917828488
0.9997338237769824,285.6176600892835
1.0090771205159812,285.5441532958865
1.01842041725498,285.43477238079345
1.0277637139939788,285.28931683899543
1.0371070107329776,285.1075846684974
1.0464503074719764,275.06038186775
1.0557936063632458,265.72150646044054
1.0651369052545152,266.1373673778843
1.0744802041457846,266.47854708394544
1.083823503037054,266.74461525007797
1.0931668019283234,266.9351382351846
1.1025101008195928,267.04967905368045
1.1118533997108622,254.57398492451398
1.1211967023405558,242.1942460752244
1.1305400049702492,242.27588178978147
1.1398833075999428,242.304847492234
1.1492266102296365,242.2809096528452
1.15856991285933,242.2038333592607
1.1679132154890237,242.0733823062615
1.1772565181187173,227.00758500813959
1.1865998207483854,212.53831841277986
1.1959431233780535,212.91457302012225
1.2052864260077216,213.25455206186587
1.2146297286373897,213.55819240081513
1.2239730312670578,213.82543075316977
1.233316333896726,214.05620368809943
1.242659636526394,197.21540403827373
1.2520029354177735,180.5049638945856
1.261346234309153,180.79813691317693
1.2706895332005326,181.05990982070134
1.280032832091912,181.29031289387993
1.2893761309832916,181.48937637052177
1.2987194298746711,181.65713044958602
1.3080627287660507,162.9304334155721
1.3174060255050397,144.28596743577435
1.3267493222440288,144.49449003724592
1.3360926189830178,144.6928665577716
1.3454359157220068,144.8811340297073
1.3547792124609959,145.059329305408
1.364122509199985,145.22748905831983
1.373465805938974,125.16463798752932
1.3828091050458815,105.19582685852619
1.392152404152789,105.42060298781387
1.4014957032596966,105.61812131993624
1.4108390023666042,105.78854724699283
1.4201823014735118,105.9320448257182
1.4295256005804193,106.04877679093177
1.438868899687327,84.94157137480532
1.4482122002934539,63.94930327237644
1.4575555008995809,64.14268441502433
1.4668988015057078,64.32445959886212
1.4762421021118348,64.4947061214539
1.4855854027179618,64.65350059546527
1.4949287033240888,64.80091895623218
1.5042720039302158,43.18003543315157
1.5136153035863873,21.601825635419704
1.5229586032425588,21.762349684696655
1.5323019028987304,21.904694418076332
1.541645202554902,22.028947146022002
1.5509885022110734,22.13519462078505
1.560331801867245,22.223523040858954
1.5696751015234165,0.3614336136802958
1.5790184023182579,-21.475667210315187
1.5883617031130992,-21.370911432744993
1.5977050039079403,-21.256927603380944
1.6070483047027817,-21.133759550962115
1.616391605497623,-21.001450827112812
1.6257349062924642,-20.860044708529276
1.6350782070873056,-42.40372753032005
1.6444215818697758,-64.0013512167646
1.6537649566522463,-63.89789535268299
1.6631083314347166,-63.78751958983087
1.6724517062171869,-63.670240197627614
1.6817950809996571,-63.546073394530914
1.6911384557821274,-63.41503534823641
1.700481830564598,-84.36112992331793
1.7098251092068975,-105.42349514550725
1.719168387849197,-105.38012408574569
1.7285116664914966,-105.3149980235836
1.7378549451337961,-105.22811048856425
1.7471982237760957,-105.1194550076647
1.7565415024183952,-104.9890251052946
1.7658847810606948,-124.93570183669246
1.7752280777996934,-144.9421232928719
1.784571374538692,-144.8326809639774
1.7939146712776908,-144.70620532349844
1.8032579680166894,-144.5626390555233
1.8126012647556882,-144.40192458669924
1.8219445614946868,-144.22400408478578
1.8312878582336856,-162.77159315675163
1.840631157124955,-181.47772074426487
1.8499744560162243,-181.4174148077374
1.859317754907494,-181.33330674848003
1.8686610537987633,-181.22525312485064
1.878004352690033,-181.0931093403004
1.8873476515813024,-180.93672963172736
1.8966909504725717,-197.77131994191038
1.9060342531022654,-214.65848156795838
1.915377555731959,-214.49954013094984
1.9247208583616526,-214.30962451070732
1.9340641609913463,-214.08850852180933
1.9434074636210399,-213.8359637712033
1.9527507662507335,-213.5517596312056
1.9620940688804271,-228.1792268583722
1.9714373715100952,-243.08436177687636
1.9807806741397633,-243.01936076645148
1.9901239767694314,-242.927613725954
1.9994672793990993,-242.80894538989466
2.0088105820287674,-242.66317895809004
2.0181538846584353,-242.49013607882733
2.027497187288103,-254.92515400475997
2.0368404861794827,-267.4233421310324
2.046183785070862,-267.2553136432425
2.0555270839622417,-267.0564555461356
2.0648703828536212,-266.8266369345642
2.0742136817450008,-266.5657261612179
2.0835569806363803,-266.2735908313564
2.09290027952776,-275.96416272058457
2.102243576266749,-285.6068569607719
2.1115868730057383,-285.2365028538779
2.1209301697447276,-284.86716967642843
2.130273466483717,-284.4988618067555
2.139616763222706,-284.1315836482624
2.1489600599616954,-283.7653396296038
2.1583033567006846,-290.64190520376474
2.167646655807592,-297.3990443705858
2.1769899549144998,-296.8920276985985
2.1863332540214073,-296.36258390410916
2.195676553128315,-295.8106705979694
2.2050198522352225,-295.2362452841383
2.21436315134213,-294.63926535934473
2.2237064504490376,-298.305156261984
2.2330497510551646,-302.21269575942136
2.2423930516612915,-301.8400120208206
2.2517363522674185,-301.47256232674243
2.2610796528735455,-301.1103358385221
2.2704229534796725,-300.75332174740055
2.2797662540857995,-300.4015092744213
2.2891095546919265,-301.6439953076147
2.2984528543480978,-302.758039774078
2.307796154004269,-302.24002329693764
2.3171394536604404,-301.6794363884878
2.3264827533166117,-301.0766573867472
2.335826052972783,-300.43206015975034
2.3451693526289543,-299.74601417136813
2.3545126522851256,-297.8479918382338
2.363855953079967,-296.0474138230703
2.3731992538748083,-295.4460042730898
2.3825425546696497,-294.8726235729121
2.391885855464491,-294.32702768125597
2.4012291562593324,-293.8089753817289
2.410572457054174,-293.31822824207205
2.419915757849015,-289.35137921771474
2.4292591326314854,-285.47702893582306
2.4386025074139557,-285.09289676601895
2.447945882196426,-284.69594267671914
2.457289256978896,-284.2862962234851
2.4666326317613665,-283.86408522232557
2.4759760065438368,-283.4294357787956
2.485319381326307,-277.1623782173573
2.4946626599686064,-270.74611410769023
2.5040059386109057,-270.17362318495645
2.513349217253205,-269.6246918667137
2.5226924958955044,-269.0992014722
2.5320357745378037,-268.59703411645125
2.541379053180103,-268.11807270364204
2.5507223318224024,-259.9579951267296
2.560065628561401,-251.91896577206163
2.5694089253003995,-251.58219068523977
2.578752222039398,-251.24346049277972
2.5880955187783967,-250.90277160620096
2.5974388155173953,-250.5601204282358
2.606782112256394,-250.21550335280207
2.6161254089953925,-240.3404621670884
2.625468707886662,-230.45185464472328
2.6348120067779313,-230.1237933210531
2.6441553056692007,-229.82803737263055
2.65349860456047,-229.56480247683322
2.6628419034517394,-229.33430623519638
2.672185202343009,-229.13676819491914
2.681528501234278,-217.82702606351404
2.690871803863972,-206.46249527970465
2.7002151064936655,-206.26636991784122
2.709558409123359,-206.09341977636012
2.7189017117530527,-205.94379983041176
2.7282450143827464,-205.81766644001354
2.73758831701244,-205.71517736555396
2.7469316196421336,-192.9763886651284
2.7562749222718015,-179.97076372052265
2.76561822490147,-179.64254713541573
2.7749615275311377,-179.3317048103192
2.7843048301608055,-179.03830613163603
2.7936481327904734,-178.76242085573318
2.8029914354201413,-178.504119111411
2.812334738049809,-164.33990607677111
2.8216780369411887,-150.11879080301028
2.831021335832568,-149.83682161733594
2.8403646347239477,-149.57045466086194
2.8497079336153273,-149.3197114397758
2.859051232506707,-149.08461349980905
2.8683945313980863,-148.86518242632792
2.877737830289466,-133.6814581859019
2.887081127028455,-118.52077782554058
2.8964244237674444,-118.30243429306175
2.9057677205064336,-118.0464681650491
2.915111017245423,-117.75290165910124
2.924454313984412,-117.42175697532646
2.9337976107234014,-117.0530562963599
2.9431409074623907,-100.78076021789855
2.952484206569298,-84.56517772810632
2.961827505676206,-84.199808911407
2.9711708047831134,-83.81861315745508
2.980514103890021,-83.42161138844502
2.9898574029969285,-83.0088244897104
2.999200702103836,-82.58027330980522
3.0085440012107436,-65.61882907544194
3.0178873018168706,-48.886141954426265
3.0272306024229976,-48.61562474433006
3.0365739030291246,-48.29018320209492
3.0459172036352515,-47.90987259555424
3.0552605042413785,-47.474748118414915
3.0646038048475055,-46.984864890381694
3.0739471054536325,-29.447909625100422
3.083290405109804,-12.040122742575821
3.092633704765975,-11.596759692056697
3.1019770044221464,-11.12547608003409
3.1113203040783177,-10.626295817844667
3.120663603734489,-10.09924278952916
3.1300069033906603,-9.544340851871253
3.1393502030468317,-8.961613834436507
