% Arc length (m),Total traction
0,263.09496807780545
0.012450876329648638,263.4836921645009
0.024901752659297314,263.7837724060934
0.03735262898894601,263.9947550554302
0.04980350531859465,264.1161832632306
0.06225438164824332,264.1475970515312
0.07470525797789199,264.0885332868563
0.08715613430754066,260.87643757427935
0.09960693822075067,258.17804503726086
0.1120577421339607,258.45489213775573
0.12450854604717075,258.64505317508815
0.13695934996038076,258.7486901228758
0.14941015387359077,258.7659645514552
0.1618609577868008,258.6970376291369
0.17431176170001084,251.48835509642132
0.18676257683325967,244.58516301322993
0.19921339196650853,244.6967179677264
0.2116642070997574,244.7696817971239
0.22411502223300622,244.80442652168273
0.23656583736625508,244.80131939525566
0.24901665249950394,244.7607229813794
0.26146746763275275,233.67450357982915
0.27391828342809216,222.9499421153633
0.28636909922343157,223.10423249421626
0.2988199150187709,223.13006532414343
0.3112707308141103,223.02860852904018
0.3237215466094497,222.80101591737588
0.33617236240478904,222.44842739479824
0.34862317820012845,207.09295604141354
0.3610739941488932,192.4022383554402
0.37352481009765787,192.51004495677824
0.38597562604642255,192.53789530894437
0.3984264419951873,192.48631731838
0.410877257943952,192.35583425443653
0.4233280738927167,192.14696480017918
0.43577888984148144,173.37913572561052
0.44822970563680037,154.98789608498933
0.4606805214321193,154.92342810631672
0.4731313372274382,154.70527600240607
0.4855821530227572,154.33406792101718
0.4980329688180761,153.81042859135908
0.510483784613395,153.13497934731393
0.522934600408714,130.91100307514444
0.5353854155419165,110.29918472701313
0.5478362306751191,110.80048876078229
0.5602870458083217,111.01793179209267
0.5727378609415242,110.95186493189885
0.5851886760747268,110.60263871233643
0.5976394912079294,109.9706030879143
0.6100903063411319,85.20699460742831
0.6225411198470587,60.983166996144256
0.6349919333529855,60.69711938705127
0.6474427468589123,60.49993928565998
0.6598935603648391,60.39182763072731
0.672344373870766,60.37298596725877
0.6847951873766926,60.44361644879621
0.6972460008826195,34.73041933170983
0.7096968128606618,9.380338244543037
0.7221476248387041,9.614458185643638
0.7345984368167464,9.557913966059182
0.7470492487947887,9.209334333303833
0.759500060772831,8.56733939584954
0.7719508727508734,7.630540554985103
0.7844016847289157,-20.613678302956863
0.7968525610585644,-46.44560097436492
0.8093034373882131,-45.54232017373704
0.8217543137178618,-44.91636918731011
0.8342051900475105,-44.56907092313878
0.8466560663771592,-44.501756716658036
0.8591069427068079,-44.7157663978971
0.8715578190364566,-72.58800915109529
0.8840086229496666,-99.95087072259489
0.8964594268628767,-99.89582437869245
0.9089102307760868,-99.79837429324863
0.9213610346892969,-99.6584637473905
0.9338118386025069,-99.47603592104454
0.946262642515717,-99.25103389271067
0.9587134464289271,-125.96139966843597
0.9711642615621758,-151.97726627594696
0.9836150766954247,-151.259599562845
0.9960658918286736,-150.78631375873508
1.0085167069619223,-150.55732410323773
1.020967522095171,-150.57254587516627
1.0334183372284198,-150.83189439250427
1.0458691523616686,-176.7350087219749
1.058319968157008,-201.29687223619632
1.0707707839523473,-200.57062058683618
1.0832215997476866,-199.95596496776602
1.095672415543026,-199.45289286513645
1.1081232313383653,-199.06139176696882
1.1205740471337047,-198.78144916315532
1.133024862929044,-221.35818234600606
1.1454756788778089,-243.39806853128786
1.1579264948265737,-242.80994479029366
1.1703773107753386,-242.33903695159333
1.1828281267241034,-241.98544114821684
1.1952789426728683,-241.7492536183458
1.2077297586216331,-241.63057070545727
1.220180574570398,-260.96068269415787
1.232631390365717,-279.623545725395
1.2450822061610358,-279.0788806671029
1.2575330219563547,-278.6583419960823
1.2699838377516737,-278.3623926440699
1.2824346535469926,-278.1914978476853
1.2948854693423115,-278.14612516279277
1.3073362851376304,-293.3168971091832
1.319787100270833,-307.77877457388803
1.3322379154040356,-307.22204053971114
1.3446887305372381,-306.73731165592955
1.3571395456704407,-306.3250559631688
1.3695903608036433,-305.98574556727647
1.3820411759368458,-305.7198566835546
1.3944919910700484,-315.7760861740753
1.406942804575975,-325.8438639298509
1.4193936180819018,-325.6589708617934
1.4318444315878285,-325.46960561502635
1.4442952450937552,-325.27575024669477
1.4567460585996819,-325.0773867178299
1.4691968721056086,-324.8744968927055
1.4816476856115353,-329.83849072490045
1.4940984975895777,-334.7208721732384
1.50654930956762,-334.49353438688115
1.519000121545662,-334.32779372476193
1.5314509335237045,-334.22353862914105
1.543901745501747,-334.18065781150403
1.5563525574797892,-334.19904025174986
1.5688033694578316,-334.24738795824703
1.5812542457874803,-334.0483099182398
1.593705122117129,-333.91796247144873
1.6061559984467777,-333.82509062986355
1.6186068747764264,-333.76962680751905
1.631057751106075,-333.7515035808711
1.6435086274357238,-333.7706536883089
1.6559595037653725,-328.63093476246786
1.6684103076785826,-323.4562705233782
1.6808611115917926,-323.4811605425726
1.6933119155050027,-323.50951221306485
1.7057627194182128,-323.5413083101108
1.7182135233314229,-323.57653172305464
1.730664327244633,-323.61516545438604
1.743115131157843,-313.5079980725587
1.7555659462910918,-303.4125378656332
1.7680167614243405,-303.5071211262642
1.7804675765575892,-303.6423520519311
1.792918391690838,-303.81803070627046
1.8053692068240867,-304.0339584620262
1.8178200219573355,-304.2899379903527
1.8302708370905842,-289.75161308746476
1.8427216528859236,-274.71133338597923
1.855172468681263,-274.6170844161644
1.8676232844766023,-274.63398654363976
1.8800741002719417,-274.76132645308866
1.892524916067281,-274.99839691979383
1.9049757318626204,-275.34449674477077
1.9174265476579597,-256.8377833267925
1.9298773636067246,-238.04660038071464
1.9423281795554892,-238.2088026374759
1.954778995504254,-238.3632922307084
1.9672298114530187,-238.51011823802557
1.9796806274017835,-238.64932932153152
1.9921314433505481,-238.78097373220865
2.0045822592993128,-216.5377004006271
2.017033075094632,-194.20321771214915
2.0294838908899506,-194.37313997293523
2.0419347066852698,-194.67947597033637
2.0543855224805885,-195.1216368145522
2.0668363382759076,-195.6990370005136
2.0792871540712263,-196.41109438360013
2.091737969866545,-172.18674053021556
2.1041887849997476,-146.53292815139136
2.11663960013295,-146.16878086541604
2.1290904152661527,-146.02341885057598
2.1415412303993553,-146.09645283617598
2.153992045532558,-146.38749447444613
2.1664428606657604,-146.89615633780835
2.178893675798963,-121.10674997225814
2.19134448930489,-95.01367214343436
2.203795302810817,-95.33080155782208
2.2162461163167437,-95.54316762565247
2.2286969298226706,-95.65110030954017
2.2411477433285976,-95.65492818788631
2.2535985568345245,-95.55497846212921
2.2660493703404514,-68.6236046221851
2.278500182318494,-41.553994363315326
2.2909509942965363,-41.436338560577056
2.3034018062745787,-41.542003582053525
2.315852618252621,-41.87033073824541
2.3283034302306636,-42.420663927533795
2.340754242208706,-43.192349623483594
2.3532050541867484,-18.16305163792341
2.365655930516397,8.885344047186518
2.378106806846046,9.680639593549644
2.3905576831756945,10.24519878579797
2.403008559505343,10.579697533934642
2.415459435834992,10.684809110559044
2.4279103121646406,10.561204163718543
2.4403611884942893,34.74657843793199
2.4528119924074994,59.013809925378204
2.4652627963207094,58.86503369802232
2.4777136002339195,58.83828058668114
2.4901644041471296,58.93456483101669
2.5026152080603397,59.154911942217524
2.5150660119735497,59.500358860014614
2.52751681588676,82.37055912807996
2.5399676310200086,105.49723280046807
2.5524184461532573,106.00992771928132
2.564869261286506,106.30415561318192
2.577320076419755,106.37676367402698
2.5897708915530036,106.22453813406885
2.6022217066862523,105.84420278547928
2.614672521819501,125.24409275596102
2.6271233376148406,146.04842516000275
2.6395741534101798,146.71435775348127
2.6520249692055193,147.25223278076027
2.664475785000859,147.66069842386779
2.6769266007961985,147.93838377066066
2.689377416591538,148.0838984765035
2.7018282323868776,165.57582632215068
2.7142790483356425,183.1822918615456
2.7267298642844073,183.30793247296472
2.739180680233172,183.43274037667854
2.751631496181937,183.55671388498612
2.764082312130702,183.6798513056223
2.7765331280794667,183.802150941743
2.7889839440282316,198.38006561795908
2.8014347598235503,213.26790451674444
2.813885575618869,213.58617283456454
2.826336391414188,213.79173848464464
2.838787207209507,213.88501284229048
2.851238023004826,213.866405283163
2.8636888388001447,213.73632319541352
2.876139654595464,224.6970184335189
2.8885904697286664,236.27516289486002
2.901041284861869,236.58017856839066
2.9134920999950715,236.81391330865577
2.925942915128274,236.97636852837468
2.9383937302614767,237.06754564022947
2.950844545394679,237.08744605686488
2.963295360527882,244.85198477300258
2.9757461740338087,252.8402395212704
2.9881969875397356,252.98231921823054
3.0006478010456625,253.09399930388335
3.0130986145515894,253.1751407940176
3.0255494280575164,253.22560385589827
3.0380002415634433,253.2452478017812
3.05045105506937,257.5074311528931
3.0629018670474126,261.97738335833367
3.075352679025455,262.1034605869614
3.0878034910034975,262.15880692834304
3.10025430298154,262.14306399656357
3.1127051149595824,262.0558709804071
3.125155926937625,261.89686462280616
3.137606738915667,261.6656792000815
